Best Validation Pearson: 0.9121

Epoch,TrainLoss,ValLoss,TrainPearson,ValPearson
1,18.167231,78.276615,0.102381,0.462259
2,4.716820,16.766563,0.030743,0.368278
3,3.586201,2.260312,0.123831,0.314162
4,2.206126,1.390820,0.180978,0.386989
5,1.952484,0.896020,0.193183,0.464742
6,1.860073,0.778850,0.202954,0.525685
7,1.714349,1.117899,0.289133,0.583544
8,1.751311,1.094489,0.142044,0.334936
9,1.683977,1.166852,0.292133,0.566757
10,1.838622,1.878237,0.326788,-0.026916
11,1.704018,0.592801,0.145159,0.617985
12,1.681415,0.713128,0.264339,0.652499
13,1.499340,0.836668,0.368423,0.490588
14,1.726278,0.686299,0.082228,0.649936
15,1.486399,0.601193,0.264700,0.698350
16,1.491842,0.598014,0.228091,0.684718
17,1.408038,0.965800,0.363652,0.494651
18,1.358215,0.787940,0.375396,0.561563
19,1.262064,0.650059,0.341544,0.687389
20,1.235282,0.743895,0.396948,0.551910
21,1.212560,0.477347,0.294383,0.742623
22,1.169176,0.559426,0.453108,0.672027
23,1.158043,0.732085,0.409267,0.590543
24,1.209992,0.545219,0.283096,0.765548
25,1.109690,0.601600,0.417984,0.725165
26,1.143939,0.674436,0.381929,0.589466
27,1.200386,0.498679,0.323260,0.767491
28,0.990116,0.490752,0.435370,0.774867
29,1.072091,0.958140,0.421435,0.653914
30,1.139162,0.491591,0.360458,0.760675
31,1.078058,0.435645,0.456211,0.735784
32,1.024294,0.743448,0.491894,0.725430
33,0.938717,0.425362,0.443793,0.772463
34,0.937954,0.450953,0.483750,0.761005
35,0.901901,0.495426,0.498777,0.726711
36,0.886129,0.435024,0.456106,0.797494
37,0.828368,0.561611,0.519779,0.727176
38,0.848653,0.383906,0.508024,0.793437
39,0.938074,0.503362,0.473681,0.797082
40,0.985464,0.611384,0.387137,0.655043
41,0.916031,0.556146,0.455868,0.755049
42,0.861748,0.945096,0.490034,0.768073
43,0.910173,0.460447,0.455374,0.759118
44,0.853873,0.438299,0.511107,0.767763
45,0.792391,0.580098,0.514479,0.719064
46,0.764996,0.459287,0.543260,0.777390
47,0.850071,0.516338,0.487888,0.742463
48,0.755046,0.440277,0.534181,0.782593
49,0.773848,0.425415,0.540816,0.767128
50,0.822438,0.526912,0.534542,0.789421
51,0.841481,0.509730,0.485111,0.780895
52,0.743033,0.430994,0.532730,0.764472
53,0.828684,0.587256,0.516622,0.750294
54,0.838163,0.624770,0.449543,0.674964
55,0.832026,0.475628,0.513672,0.757893
56,0.798188,0.488342,0.551511,0.772252
57,0.770722,0.450661,0.499276,0.792322
58,0.694658,0.416923,0.569992,0.786768
59,0.745840,0.501662,0.562044,0.749382
60,0.780519,0.433284,0.491614,0.809298
61,0.719870,0.438125,0.552342,0.781650
62,0.712754,0.399522,0.571622,0.801673
63,0.627129,0.408236,0.612501,0.813369
64,0.623033,0.420113,0.618307,0.798009
65,0.671540,0.376779,0.584434,0.803142
66,0.680763,0.435656,0.602824,0.790616
67,0.705281,0.425468,0.569248,0.808457
68,0.658322,0.412596,0.586306,0.802343
69,0.676308,0.394010,0.596250,0.782855
70,0.684048,0.368922,0.587175,0.816805
71,0.667199,0.492740,0.594502,0.797833
72,0.653557,0.396776,0.589936,0.805666
73,0.668593,0.468448,0.613622,0.796844
74,0.689160,0.391124,0.582418,0.817792
75,0.638971,0.393418,0.612999,0.799120
76,0.684995,0.398461,0.609405,0.791278
77,0.669881,0.396742,0.590011,0.815828
78,0.696218,0.406200,0.557336,0.789139
79,0.708062,0.382452,0.570024,0.800711
80,0.669533,0.412741,0.598535,0.818108
81,0.702975,0.432707,0.584055,0.797373
82,0.662181,0.389476,0.597078,0.805767
83,0.644220,0.363217,0.608829,0.813856
84,0.645999,0.468849,0.599552,0.781058
85,0.685474,0.481882,0.567676,0.778885
86,0.658817,0.421778,0.597010,0.792746
87,0.646967,0.352155,0.613570,0.819052
88,0.676577,0.366247,0.581882,0.820165
89,0.666329,0.383741,0.586375,0.809660
90,0.648892,0.380295,0.602563,0.820067
91,0.675794,0.401325,0.602428,0.819743
92,0.634789,0.386681,0.613692,0.803424
93,0.683285,0.450342,0.568524,0.796023
94,0.592478,0.392813,0.637312,0.826221
95,0.635097,0.458557,0.604308,0.819275
96,0.571453,0.399154,0.662151,0.800332
97,0.637241,0.346001,0.617656,0.830703
98,0.605735,0.386065,0.629588,0.817591
99,0.584438,0.466425,0.644424,0.815420
100,0.648712,0.352742,0.601955,0.812217
101,0.619680,0.398754,0.627312,0.807963
102,0.583859,0.355982,0.642699,0.845147
103,0.617595,0.397720,0.623985,0.839165
104,0.582228,0.395943,0.647685,0.810130
105,0.601153,0.387963,0.647564,0.824755
106,0.586745,0.364032,0.654342,0.837957
107,0.644988,0.437393,0.618582,0.823061
108,0.625169,0.334125,0.613721,0.821154
109,0.615177,0.342643,0.636054,0.823401
110,0.567379,0.388771,0.659445,0.837426
111,0.636904,0.340659,0.602543,0.834259
112,0.633978,0.363044,0.617767,0.839983
113,0.596105,0.356663,0.639674,0.834998
114,0.629425,0.368502,0.622392,0.838278
115,0.652153,0.350384,0.605259,0.843719
116,0.554249,0.357399,0.666922,0.827791
117,0.552118,0.349579,0.673217,0.833042
118,0.584224,0.339985,0.650883,0.840445
119,0.606828,0.363450,0.636302,0.836360
120,0.566350,0.345991,0.656495,0.821363
121,0.600553,0.310426,0.636879,0.837132
122,0.561628,0.392981,0.665149,0.813024
123,0.586680,0.346093,0.647665,0.847197
124,0.555076,0.398327,0.667106,0.831138
125,0.560811,0.376281,0.662523,0.784901
126,0.635380,0.362854,0.619100,0.815010
127,0.604921,0.329358,0.657316,0.846014
128,0.646019,0.381577,0.618684,0.830077
129,0.558806,0.344495,0.684226,0.847730
130,0.621231,0.325806,0.651104,0.838473
131,0.547817,0.325341,0.674800,0.845407
132,0.600587,0.325025,0.634117,0.847109
133,0.546506,0.348570,0.673652,0.842282
134,0.545482,0.312178,0.673812,0.845316
135,0.566468,0.307209,0.663288,0.846750
136,0.596578,0.376050,0.641275,0.855390
137,0.540228,0.311881,0.683713,0.851935
138,0.538779,0.308956,0.678020,0.840090
139,0.544664,0.308568,0.684166,0.846171
140,0.524870,0.334316,0.688536,0.830988
141,0.569791,0.318919,0.654837,0.854719
142,0.620620,0.308254,0.640416,0.848393
143,0.582199,0.314414,0.661054,0.845280
144,0.560057,0.321013,0.665325,0.851240
145,0.521213,0.305696,0.690038,0.861888
146,0.593929,0.338607,0.647907,0.855326
147,0.586625,0.325533,0.645260,0.855057
148,0.576903,0.298493,0.649632,0.861362
149,0.572536,0.291843,0.653610,0.862863
150,0.600338,0.334419,0.631720,0.841349
151,0.584835,0.309837,0.643645,0.850802
152,0.525827,0.333759,0.686188,0.846533
153,0.523248,0.326762,0.689180,0.860081
154,0.562869,0.306830,0.663850,0.848136
155,0.561381,0.312336,0.661431,0.835862
156,0.541003,0.304193,0.682894,0.847694
157,0.551520,0.300729,0.668853,0.869720
158,0.580649,0.285562,0.647782,0.865565
159,0.536771,0.324306,0.679931,0.839522
160,0.560814,0.288831,0.665731,0.859157
161,0.528575,0.320425,0.684971,0.862946
162,0.597691,0.332886,0.638976,0.853192
163,0.579982,0.293631,0.660050,0.840028
164,0.548222,0.344620,0.680609,0.849978
165,0.556105,0.315537,0.664806,0.873852
166,0.520720,0.324491,0.693713,0.875898
167,0.518058,0.285519,0.693527,0.850880
168,0.578734,0.319860,0.664872,0.822380
169,0.562599,0.319447,0.670553,0.828196
170,0.531194,0.351741,0.684149,0.852806
171,0.543484,0.328101,0.673309,0.881211
172,0.544628,0.284164,0.673354,0.856936
173,0.580371,0.310771,0.650821,0.863677
174,0.512126,0.297185,0.698076,0.864705
175,0.535908,0.287384,0.679590,0.870969
176,0.487162,0.275487,0.713853,0.868924
177,0.524074,0.283203,0.688737,0.869408
178,0.576684,0.287514,0.651417,0.868892
179,0.557170,0.306197,0.663243,0.857028
180,0.512743,0.310564,0.699676,0.856555
181,0.564730,0.288801,0.658619,0.855818
182,0.552102,0.287721,0.684107,0.864619
183,0.562141,0.269602,0.663160,0.874317
184,0.554414,0.334738,0.669795,0.857682
185,0.547616,0.274127,0.673286,0.869283
186,0.533834,0.313412,0.685060,0.861039
187,0.543892,0.308358,0.690760,0.879843
188,0.609715,0.338764,0.657918,0.867368
189,0.582327,0.394441,0.649073,0.856161
190,0.583974,0.296551,0.661300,0.856699
191,0.528877,0.302909,0.707330,0.855663
192,0.596250,0.311417,0.648282,0.851598
193,0.555496,0.317144,0.667993,0.868517
194,0.513298,0.348600,0.696054,0.818825
195,0.559378,0.284230,0.664727,0.862189
196,0.575541,0.285916,0.655893,0.860792
197,0.497736,0.322316,0.709069,0.854158
198,0.501424,0.303571,0.706513,0.869248
199,0.547213,0.328860,0.672413,0.852439
200,0.482028,0.293998,0.718987,0.856593
201,0.511512,0.284053,0.698104,0.863552
202,0.531395,0.278065,0.683162,0.864274
203,0.561776,0.297158,0.661244,0.883971
204,0.548455,0.266399,0.669253,0.878319
205,0.544861,0.275538,0.675059,0.865589
206,0.519132,0.278489,0.695407,0.863443
207,0.520622,0.322270,0.691345,0.856343
208,0.501400,0.284072,0.707754,0.863111
209,0.533685,0.302837,0.680621,0.864486
210,0.504109,0.299907,0.701729,0.852973
211,0.502418,0.261126,0.706747,0.864447
212,0.509520,0.279212,0.701559,0.861934
213,0.523342,0.298998,0.688241,0.863824
214,0.502884,0.271029,0.703323,0.864914
215,0.562071,0.275086,0.665091,0.868479
216,0.478469,0.269692,0.720774,0.869630
217,0.501333,0.268198,0.705645,0.883907
218,0.544554,0.271803,0.677514,0.877913
219,0.519619,0.242434,0.690603,0.882408
220,0.503682,0.280307,0.705418,0.869866
221,0.516748,0.296001,0.692584,0.871049
222,0.481473,0.282084,0.731987,0.865066
223,0.529795,0.262469,0.688058,0.872774
224,0.504730,0.269309,0.703831,0.874189
225,0.536774,0.279281,0.680912,0.874747
226,0.518881,0.346662,0.697198,0.851968
227,0.501796,0.241861,0.706313,0.882209
228,0.514334,0.265127,0.698524,0.862262
229,0.538266,0.265629,0.680180,0.878371
230,0.506346,0.251476,0.710234,0.887053
231,0.566594,0.258001,0.666716,0.878814
232,0.507714,0.304265,0.700875,0.857275
233,0.512014,0.263352,0.697813,0.886618
234,0.535393,0.251251,0.691331,0.890402
235,0.490274,0.249500,0.712514,0.881324
236,0.528196,0.257186,0.685906,0.876468
237,0.492250,0.261206,0.712246,0.869498
238,0.572028,0.268362,0.660448,0.882694
239,0.533992,0.267202,0.681479,0.887671
240,0.529180,0.286340,0.683603,0.866226
241,0.533113,0.243385,0.681988,0.882308
242,0.471724,0.258771,0.729371,0.875329
243,0.521859,0.338766,0.693221,0.854487
244,0.543771,0.254842,0.682290,0.884276
245,0.472852,0.255665,0.727424,0.882069
246,0.473446,0.226647,0.724004,0.891208
247,0.496643,0.257336,0.709947,0.882211
248,0.493038,0.248586,0.713115,0.887118
249,0.524401,0.267640,0.687666,0.867885
250,0.498258,0.236043,0.709746,0.892109
251,0.542390,0.230166,0.679585,0.895687
252,0.513732,0.218689,0.694916,0.891920
253,0.495276,0.240408,0.709854,0.889020
254,0.486626,0.258845,0.714576,0.876009
255,0.492006,0.241338,0.713375,0.884577
256,0.520228,0.236463,0.691067,0.898426
257,0.457984,0.215884,0.734501,0.895293
258,0.465828,0.227912,0.729773,0.892841
259,0.466987,0.283092,0.728444,0.870461
260,0.456004,0.256712,0.735525,0.874657
261,0.477302,0.217361,0.722538,0.895947
262,0.481686,0.243333,0.718066,0.878390
263,0.487006,0.234133,0.715572,0.882056
264,0.495213,0.227415,0.712961,0.895528
265,0.468410,0.240684,0.734752,0.883394
266,0.550787,0.246960,0.678932,0.893340
267,0.513121,0.230498,0.696730,0.899610
268,0.513575,0.219114,0.696834,0.892194
269,0.491269,0.208930,0.716417,0.897940
270,0.537398,0.261007,0.682198,0.872032
271,0.493728,0.227597,0.712030,0.895856
272,0.489763,0.269895,0.720003,0.888262
273,0.497543,0.223187,0.709847,0.910833
274,0.530048,0.211763,0.688629,0.909765
275,0.487117,0.226259,0.716142,0.900164
276,0.488725,0.211382,0.712769,0.908046
277,0.484354,0.219250,0.716149,0.893710
278,0.438015,0.234570,0.748183,0.884197
279,0.467888,0.232755,0.728911,0.884645
280,0.480539,0.222750,0.720740,0.893777
281,0.490206,0.224923,0.714724,0.891855
282,0.475656,0.205388,0.722749,0.903394
283,0.499615,0.206925,0.708139,0.900609
284,0.464208,0.240558,0.730313,0.891611
285,0.515693,0.219414,0.695828,0.901327
286,0.508139,0.208013,0.699210,0.906507
287,0.478210,0.207472,0.720968,0.901761
288,0.536616,0.213523,0.685563,0.899248
289,0.515779,0.218873,0.698921,0.894356
290,0.480577,0.204996,0.719602,0.903270
291,0.469339,0.213974,0.726588,0.905491
292,0.486536,0.225350,0.715479,0.896161
293,0.500143,0.204139,0.706642,0.908213
294,0.483357,0.215862,0.717037,0.904188
295,0.461357,0.215486,0.732017,0.901927
296,0.471499,0.209417,0.725525,0.894314
297,0.472931,0.206975,0.726042,0.896259
298,0.487390,0.214084,0.716673,0.895906
299,0.487621,0.211292,0.715470,0.904022
300,0.482618,0.207391,0.717540,0.912112
