tree
version=v4
num_class=1
num_tree_per_iteration=1
label_index=0
max_feature_idx=12
objective=regression
feature_names=Column_0 Column_1 Column_2 Column_3 Column_4 Column_5 Column_6 Column_7 Column_8 Column_9 Column_10 Column_11 Column_12
feature_infos=[-1.7115328042772389:1.8042442679884492] [-1.0988032065846709:2.4781312959413828] [-2.5076205481607587:2.905146611847365] [-3.4569739751396562:1.1531304758921357] [-1.8471633238688685:1.9591134699278601] [-1.8042442679886235:1.711532804277057] [-1.7016446665226921:1.815271598086051] [-1.708336942520458:1.7999981601449502] [-2.4756311998730669:1.0995820890710133] [-1.6286622739236076:1.6950509348379221] [-2.4146120065095986:1.1186310824797105] [-1.3522828141600713:1.3631121645917799] [-2.2103741410776254:1.1827360611229689]
tree_sizes=1714 1777 2633 2123 2238 2241 2625 2282 2630 2302 2317 2202 1966

Tree=0
num_leaves=18
num_cat=0
split_feature=5 1 0 11 0 3 1 0 8 5 1 1 8 0 1 0 1
split_gain=26275.1 18897.5 28948.3 5914.71 4425.34 4151.34 10769.8 3953.94 7075.92 8866.49 4654.53 20263 4016.24 3448.31 1928.33 1922.32 486.889
threshold=-1.4065637783329246 1.8480097792599792 -1.2170716644841164 -1.3514506895270879 -1.4528645211826161 1.0405561888930905 2.1090205884121498 1.3203410173012302 -0.48613883952775944 -1.0581534378381441 -0.31603445712531159 -0.11274084775752997 0.40941559958575519 -1.299775129147023 1.4784325317906262 1.1584533843440514 0.96237471437990718
decision_type=2 2 2 2 2 2 2 2 2 2 2 2 2 2 2 2 2
left_child=5 2 3 -2 -5 14 -7 8 -4 15 12 -12 -11 16 -1 -10 -6
right_child=1 -3 7 4 13 6 -8 -9 9 10 11 -13 -14 -15 -16 -17 -18
leaf_value=419.22043623846179 419.68346154938058 419.08744216752882 419.30554644637294 420.42251951895463 419.8298853904364 419.82297714240161 419.07591076174674 419.98682042987633 419.87250705864255 419.95508069982873 419.18565527129346 419.74385375007137 419.66291669499049 420.28893614630039 418.88341653847499 420.2224842637724 420.01247204402887
leaf_weight=17.000000000000004 11.999999999999998 20 23 19 14.999999999999998 14.000000000000002 17 13.999999999999998 15.000000000000002 20 42 68 296 15.000000000000002 11.999999999999998 10.999999999999998 9.9999999999999982
leaf_count=17 12 20 23 19 15 14 17 14 15 20 42 68 296 15 12 11 10
internal_value=419.649 419.69 419.712 420.089 420.171 419.251 419.413 419.657 419.647 419.664 419.642 419.531 419.682 420.05 419.079 420.022 419.904
internal_weight=640 580 560 71 59 60 31 489 475 452 426 110 316 40 29 26 25
internal_count=640 580 560 71 59 60 31 489 475 452 426 110 316 40 29 26 25
is_linear=0
shrinkage=1


Tree=1
num_leaves=18
num_cat=0
split_feature=5 1 0 11 0 0 0 0 0 2 0 1 0 1 1 1 1
split_gain=25241.8 18153.1 27809.1 5681.91 4250.52 3798.41 6813.34 7041.12 10175.9 3896.52 3556.78 7636.41 3312.43 2052.33 2772.05 467.838 287.495
threshold=-1.4065637783329246 1.8480097792599792 -1.2170716644841164 -1.3514506895270879 -1.4528645211826161 1.3203410173012302 1.2288393117167378 0.94729560222599185 0.88746756395920834 -0.014943698052101953 1.5666917631056327 2.1090205884121498 -1.299775129147023 0.40281130330058806 0.21603839631557872 0.96237471437990718 1.2696378338855134
decision_type=2 2 2 2 2 2 2 2 2 2 2 2 2 2 2 2 2
left_child=10 2 3 -2 -5 6 7 8 9 -4 16 -12 15 14 -9 -6 -1
right_child=1 -3 5 4 12 -7 -8 13 -10 -11 11 -13 -14 -15 -16 -17 -18
leaf_value=-0.49615501112610316 0.034033927759848349 -0.5501266317699679 -0.044066609087913336 0.75838607401123836 0.1775475575592344 0.33136784837601035 -0.37180199081360976 0.30340495321006256 -0.50571167537144246 0.08447329398327616 0.02855345802412507 -0.56143857703919997 0.62747809896405948 0.47029616095803001 -0.064172950336951334 0.35653051848458772 -0.64994132018286332
leaf_weight=13.000000000000002 11.999999999999998 20 236 19 14.999999999999998 13.999999999999998 19 22 15.999999999999998 157 18 17 15.000000000000002 11.999999999999998 12.999999999999998 9.9999999999999982 11.999999999999998
leaf_count=13 12 20 236 19 15 14 19 22 16 157 18 17 15 12 13 10 12
internal_value=4.504e-07 0.040424 0.0616114 0.431193 0.51176 0.007871 -0.00172928 0.0137664 -0.012895 0.00728982 -0.390161 -0.258769 0.392989 0.245333 0.167054 0.250316 -0.572308
internal_weight=640 580 560 71 59 489 475 456 409 393 60 35 40 47 35 25 25
internal_count=640 580 560 71 59 489 475 456 409 393 60 35 40 47 35 25 25
is_linear=0
shrinkage=0.02


Tree=2
num_leaves=27
num_cat=0
split_feature=5 1 2 11 1 3 1 1 8 2 1 8 8 1 1 8 1 1 2 1 2 1 1 1 1 2
split_gain=24249.3 17437.8 26714.9 5458.27 4082.61 3896.05 10017.3 3680.12 18938.9 7142.47 5835.9 19811.6 4919.69 4601.87 4384.76 6285.44 3752.01 3595.59 3181.9 3135.7 2544.52 2293.14 1881.1 640.333 449.531 194.026
threshold=-1.4065637783329246 1.8480097792599792 -0.91126040653619744 -1.3514506895270879 1.2205724620608618 1.0405561888930905 2.1090205884121498 -1.0489912432696993 1.0755222747927229 -0.014943698052101953 -0.11274084775752997 0.22365304481174222 -0.19161949602724698 0.10835527928885029 0.82009449240444454 -0.48613883952775944 0.022194453492460822 -1.0039086850633003 -1.1066970381799324 -0.31603445712531159 -0.015061012324534761 -0.14670214850345678 1.4784325317906262 -1.0278867966074252 0.96237471437990718 -0.013257129345510599
decision_type=2 2 2 2 2 2 2 2 2 2 2 2 2 2 2 2 2 2 2 2 2 2 2 2 2 2
left_child=5 2 3 -2 18 22 -7 8 25 20 11 21 14 16 15 -12 -14 23 24 -19 -10 -9 -1 -13 -5 -4
right_child=1 -3 7 4 -6 6 -8 10 9 -11 12 17 13 -15 -16 -17 -18 19 -20 -21 -22 -23 -24 -25 -26 -27
leaf_value=-0.4092021676671434 0.033358882399629954 -0.53917884987978204 0.7171880211216386 0.17402013462900326 0.74329772789440851 0.17021116391986815 -0.55027546779454095 -0.44492281950157092 -0.13798711795174612 0.22794839480963855 -0.33142550926703912 -0.08029685719178456 0.29773807205105224 0.61499485703201984 0.32478749931281342 0.072793716753382476 -0.12305631593893504 0.033011757289413371 0.6150116638789902 -0.2342818594852667 -0.53586930581838776 -0.85467726207015549 -0.74173691836270428 -0.27438675658465506 0.34947048262794417 0.56665122908514898
leaf_weight=17.000000000000004 11.999999999999998 20 10.000000000000002 14.999999999999998 19 14.000000000000002 17 13.000000000000002 18.000000000000004 18 23 9.9999999999999982 24 10.999999999999998 13.999999999999998 46 12.999999999999998 217 15.000000000000002 19 9.9999999999999982 9.9999999999999982 11.999999999999998 22 9.9999999999999982 10.999999999999998
leaf_count=17 12 20 10 15 19 14 17 13 18 18 23 10 24 11 14 46 13 217 15 19 10 10 12 22 10 11
internal_value=2.46525e-07 0.0396212 0.060387 0.422625 0.501591 -0.382414 -0.225361 0.00771437 0.145297 -0.082082 -0.0141562 -0.0640557 0.0966457 0.257586 0.00336179 -0.0622162 0.149931 -0.0156057 0.385188 0.011398 -0.281525 -0.626049 -0.548913 -0.214204 0.245353 0.641442
internal_weight=640 580 560 71 59 60 31 489 67 46 422 291 131 48 83 69 37 268 40 236 28 23 29 32 25 21
internal_count=640 580 560 71 59 60 31 489 67 46 422 291 131 48 83 69 37 268 40 236 28 23 29 32 25 21
is_linear=0
shrinkage=0.02


Tree=3
num_leaves=22
num_cat=0
split_feature=5 1 1 0 1 8 11 1 5 3 1 1 8 1 5 8 5 1 1 1 0
split_gain=23295.3 16750.7 25787 6717.87 8692.2 21437.1 5894.26 4341.76 4571.37 3743.06 9623.1 3337.32 18196.3 3453.86 2790.17 2757.37 5781.67 4421.59 2203.4 1807.39 372.412
threshold=-1.4065637783329246 1.8480097792599792 0.82009449240444454 1.2288393117167378 -0.11274084775752997 0.22365304481174222 -1.3514506895270879 0.96237471437990718 1.324410203727298 1.0405561888930905 2.1090205884121498 -1.0489912432696993 1.0755222747927229 -1.0039086850633003 -1.1690112734501106 -0.19161949602724698 1.1502050334798934 0.10835527928885029 -0.14670214850345678 1.4784325317906262 -1.4528645211826161
decision_type=2 2 2 2 2 2 2 2 2 2 2 2 2 2 2 2 2 2 2 2 2
left_child=9 2 3 4 5 18 -4 8 -8 19 -11 12 -7 -13 -6 16 -16 -17 -2 -1 -9
right_child=1 -3 6 -5 14 11 7 20 -10 10 -12 13 -14 -15 15 17 -18 -19 -20 -21 -22
leaf_value=-0.40106597721925241 -0.4360922852727292 -0.5284489415296868 0.03269721921810434 -0.35781106968824772 0.46152852145108314 0.62873588100993805 -0.013776641694626002 0.72850963702376614 0.58923383575854915 0.16683110084939506 -0.53933429966893109 -0.20994253606811117 -0.080459707864194527 0.011168256177078209 -0.16608686355647123 0.14694152428454785 0.23355004332073248 0.60280577547915348 -0.83775294785452359 -0.72702478014733174 0.57372096609561984
leaf_weight=17.000000000000004 13.000000000000002 20 11.999999999999998 19 11.999999999999998 21 10.000000000000002 18.999999999999996 9.9999999999999982 14.000000000000002 17 32 46 236 27 37 31 10.999999999999998 9.9999999999999982 11.999999999999998 14.000000000000002
leaf_count=17 13 20 12 19 12 21 10 19 10 14 17 32 46 236 27 37 31 11 10 12 14
internal_value=0 0.038833 0.0591856 0.00996793 0.0247224 -0.0243516 0.433391 0.523863 0.28911 -0.374817 -0.220878 0.0162752 0.142416 -0.0152978 0.173511 0.140491 0.0475293 0.252467 -0.613641 -0.538015 0.664804
internal_weight=640 580 560 495 476 358 65 53 20 60 31 335 67 268 118 106 58 48 23 29 33
internal_count=640 580 560 495 476 358 65 53 20 60 31 335 67 268 118 106 58 48 23 29 33
is_linear=0
shrinkage=0.02


Tree=4
num_leaves=23
num_cat=0
split_feature=5 3 8 0 8 8 11 3 5 0 3 3 3 8 3 8 5 3 3 3 0 0
split_gain=22378.9 16090.7 24772.9 6494.15 8941.49 20595.8 5662.35 4170.28 4392.15 4150.91 3596.07 9244.36 3205.89 17478.9 3317.49 2610.93 5800.54 4248.39 1908.95 1736.58 357.542 12.893
threshold=-1.4065637783329246 1.0732673653227154 -0.82080652826761868 1.2006849407676632 0.11205513893493212 0.22365304481174222 -1.3514506895270879 0.89156099241504716 1.324410203727298 1.1584533843440514 1.0405561888930905 1.1101175591316366 -1.4405560509834079 1.0755222747927229 -1.0939485935157207 -0.19161949602724698 1.1502050334798934 0.56411205326672675 0.40139429287374845 1.0097858430588105 -1.4528645211826161 1.2728305163246669
decision_type=2 2 2 2 2 2 2 2 2 2 2 2 2 2 2 2 2 2 2 2 2 2
left_child=10 2 6 4 9 18 -2 8 -8 15 19 -12 13 -7 -14 16 -4 -17 -6 -1 -9 -5
right_child=1 -3 3 21 5 12 7 20 -10 -11 11 -13 14 -15 -16 17 -18 -19 -20 -21 -22 -23
leaf_value=-0.39309157789799193 0.032048671028830786 -0.51793253689856078 -0.17982688934204585 -0.34861323648247827 -0.40486737191140104 0.61622074854882403 -0.013503849293925972 0.71401571673248465 0.57756584035287983 0.54665016861649252 0.16351814161801165 -0.52861071498770462 -0.20575678182168169 -0.078854006133213986 0.01094499517653464 0.1440106118649164 0.2288940544373736 0.59085826822229337 -0.77678936446008606 -0.71260446509053876 0.5623279100783326 -0.29412912463197616
leaf_weight=17.000000000000004 11.999999999999998 20 25 12.000000000000002 11.000000000000002 21 10.000000000000002 18.999999999999996 9.9999999999999982 10.999999999999998 14.000000000000002 17 32 46 236 37 31 10.999999999999998 11.999999999999998 11.999999999999998 14.000000000000002 9.9999999999999982
leaf_count=17 12 20 25 12 11 21 10 19 10 11 14 17 32 46 236 37 31 11 12 12 14 10
internal_value=0 0.0380612 0.0580088 0.00976852 0.0254224 -0.0238698 0.424782 0.513457 0.283384 0.178767 -0.367371 -0.216484 0.0159517 0.139584 -0.0149932 0.139359 0.0464162 0.247449 -0.60148 -0.527333 0.651587 -0.325336
internal_weight=640 580 560 495 473 358 65 53 20 115 60 31 335 67 268 104 56 48 23 29 33 22
internal_count=640 580 560 495 473 358 65 53 20 115 60 31 335 67 268 104 56 48 23 29 33 22
is_linear=0
shrinkage=0.02


Tree=5
num_leaves=23
num_cat=0
split_feature=5 1 1 0 1 8 11 1 5 0 3 1 1 8 1 8 5 1 1 1 0 0
split_gain=21498.5 15456.7 23798.7 6239.2 8589.85 19787 5439.56 4005.58 4219.95 3988.18 3454.85 8880.53 3079.63 16789.8 3186.51 2508.27 5571.65 4081.97 2051.58 1668.53 343.264 12.3401
threshold=-1.4065637783329246 1.8480097792599792 0.82009449240444454 1.2006849407676632 -0.11274084775752997 0.22365304481174222 -1.3514506895270879 0.96237471437990718 1.324410203727298 1.1584533843440514 1.0405561888930905 2.1090205884121498 -1.0489912432696993 1.0755222747927229 -1.0039086850633003 -0.19161949602724698 1.1502050334798934 0.10835527928885029 -0.14670214850345678 1.4784325317906262 -1.4528645211826161 1.2728305163246669
decision_type=2 2 2 2 2 2 2 2 2 2 2 2 2 2 2 2 2 2 2 2 2 2
left_child=10 2 3 4 5 18 -4 8 -8 15 19 -12 13 -7 -14 16 -6 -17 -2 -1 -9 -5
right_child=1 -3 6 21 9 12 7 20 -10 -11 11 -13 14 -15 -16 17 -18 -19 -20 -21 -22 -23
leaf_value=-0.38527570601792349 -0.41826586352049838 -0.50762540601379236 0.031413020299485894 -0.34169859405391462 -0.17624466557901691 0.60395474881357492 -0.013236443264649643 0.69981014623691906 0.56612889261528998 0.53581567575265698 0.16027096291805834 -0.51810033162434888 -0.20165446447806193 -0.077280346540463452 0.010726189041279071 0.14113816779217309 0.22433089056965622 0.57914756173486115 -0.80578182938075305 -0.69847015026187109 0.55116111295443038 -0.28830479669098807
leaf_weight=17.000000000000004 13.000000000000002 20 11.999999999999998 12.000000000000002 25 21 10.000000000000002 18.999999999999996 9.9999999999999982 10.999999999999998 14.000000000000002 17 32 46 236 37 31 10.999999999999998 9.9999999999999982 11.999999999999998 14.000000000000002 9.9999999999999982
leaf_count=17 13 20 12 12 25 21 10 19 10 11 14 17 32 46 236 37 31 11 10 12 14 10
internal_value=0 0.0373041 0.0568548 0.00957246 0.024916 -0.0233971 0.416345 0.503257 0.277772 0.175215 -0.360073 -0.212177 0.0156346 0.136808 -0.0146947 0.136587 0.0454893 0.242531 -0.589553 -0.516863 0.638633 -0.318888
internal_weight=640 580 560 495 473 358 65 53 20 115 60 31 335 67 268 104 56 48 23 29 33 22
internal_count=640 580 560 495 473 358 65 53 20 115 60 31 335 67 268 104 56 48 23 29 33 22
is_linear=0
shrinkage=0.02


Tree=6
num_leaves=27
num_cat=0
split_feature=0 1 0 11 0 3 1 0 1 8 2 1 8 8 1 1 0 8 1 1 0 1 1 1 1 0
split_gain=20300.8 14810.8 22699.4 4621.06 3515.07 3391.28 8531.02 3346.43 3160.82 16127.8 6861.57 4818.34 16879.7 4323.05 3922.07 3604.24 3265.88 5430.37 3060.69 3012.02 2445.8 1971.29 1534.5 615.885 405.233 197.886
threshold=1.4118427228857227 1.8480097792599792 -1.2170716644841164 -1.3514506895270879 -1.4528645211826161 1.0405561888930905 2.1090205884121498 -1.299775129147023 -1.0489912432696993 1.0755222747927229 -0.014943698052101953 -0.11274084775752997 0.22365304481174222 -0.19161949602724698 0.10835527928885029 0.022194453492460822 1.3203410173012302 -0.48613883952775944 -1.0039086850633003 -0.31603445712531159 -0.06098280738774161 -0.14670214850345678 1.4784325317906262 -1.0278867966074252 0.96237471437990718 0.15017497473031777
decision_type=2 2 2 2 2 2 2 2 2 2 2 2 2 2 2 2 2 2 2 2 2 2 2 2 2 2
left_child=1 2 3 -1 -5 22 -7 24 9 25 20 12 21 16 15 -15 17 -13 23 -20 -11 -10 -2 -14 -6 -4
right_child=5 -3 8 4 7 6 -8 -9 11 10 -12 13 18 14 -16 -17 -18 -19 19 -21 -22 -23 -24 -25 -26 -27
leaf_value=0.030789933638139203 -0.38000373982494651 -0.49752341771007175 0.66637416443022146 0.68588723806810636 0.14306189612837028 0.15708828210830686 -0.50779889781572662 0.58914833725682936 -0.4099643964985854 -0.13053688997721802 0.22812036290353171 -0.30851820966382043 -0.066481990294881388 0.28320207709346074 0.56766896411105328 -0.12918980023333135 0.26639268028815061 0.067201088390226205 0.031695356443146853 -0.23027410792430655 -0.52057299085182718 -0.78982574765044866 -0.68461619913085425 -0.25663264721227447 0.30914020009560156 0.51877519560289809
leaf_weight=11.999999999999998 16.000000000000004 20 10.000000000000002 19 14.999999999999998 14.000000000000002 17 15.000000000000002 13.000000000000002 18.000000000000004 18 23 9.9999999999999982 24 10.999999999999998 12.999999999999998 14.999999999999998 46 217 19 9.9999999999999982 9.9999999999999982 11.999999999999998 22 9.9999999999999982 10.999999999999998
leaf_count=12 16 20 10 19 15 14 17 15 13 18 18 23 10 24 11 13 15 46 217 19 10 10 12 22 10 11
internal_value=0 0.0359153 0.0550198 0.388969 0.461627 -0.353153 -0.207956 0.353633 0.00655968 0.134087 -0.0757381 -0.0136643 -0.059124 0.0865151 0.237711 0.138323 -5.07847e-05 -0.0582894 -0.0144022 0.0105118 -0.271228 -0.577869 -0.512559 -0.197634 0.2105 0.591933
internal_weight=640 581 561 71 59 59 31 40 490 67 46 423 291 132 48 37 84 69 268 236 28 23 28 32 25 21
internal_count=640 581 561 71 59 59 31 40 490 67 46 423 291 132 48 37 84 69 268 236 28 23 28 32 25 21
is_linear=0
shrinkage=0.02


Tree=7
num_leaves=23
num_cat=0
split_feature=5 1 1 0 1 1 11 1 1 5 3 1 8 5 8 5 5 8 5 1 1 0
split_gain=19863.3 14263.7 22146.5 5774.34 7369.22 18337.1 5059.52 4078 3711.05 4090.13 3197.97 8195.27 3080.57 5144.54 2684.31 2647.48 2473.47 2444.81 5026.63 3768.43 1532.69 288.253
threshold=-1.4065637783329246 1.8480097792599792 0.82009449240444454 1.2288393117167378 -0.11274084775752997 -0.31164549433402794 -1.3514506895270879 -0.14670214850345678 0.96237471437990718 1.324410203727298 1.0405561888930905 2.1090205884121498 0.40941559958575519 -0.71854133826494193 0.24882523719254188 -1.1690112734501106 0.80179469298511286 -0.19161949602724698 1.1502050334798934 0.10835527928885029 1.4784325317906262 -1.4528645211826161
decision_type=2 2 2 2 2 2 2 2 2 2 2 2 2 2 2 2 2 2 2 2 2 2
left_child=10 2 3 4 5 12 -4 14 9 -8 20 -12 16 -14 -7 -6 -2 18 -17 -19 -1 -10
right_child=1 -3 6 -5 15 7 8 -9 21 -11 11 -13 13 -15 -16 17 -18 19 -20 -21 -22 -23
leaf_value=-0.37081565879241751 0.48680102980963058 -0.4876224491252234 0.030179229767854549 -0.33194993623264168 0.44022461394633139 -0.17173601639211469 -0.0182494304203751 -0.77418564371543352 0.67224131009341548 0.55208551236898595 0.15396880936115342 -0.49770232496205824 -0.41110709843334853 0.02776155090131328 -0.57325490806952561 -0.15914459312973864 0.061353668811892685 0.13556432700542748 0.21348182715020378 0.55641787537583365 -0.67103703687752569 0.53431965604741505
leaf_weight=17.000000000000004 10.000000000000002 20 11.999999999999998 19 11.999999999999998 20.000000000000004 10.000000000000002 9.9999999999999982 18.999999999999996 9.9999999999999982 14.000000000000002 17 10.999999999999998 285 9.9999999999999982 27 11.999999999999998 37 31 10.999999999999998 11.999999999999998 14.000000000000002
leaf_count=17 10 20 12 19 12 20 10 10 19 10 14 17 11 285 10 27 12 37 31 11 12 14
internal_value=-1.02546e-06 0.0358552 0.0546363 0.00902478 0.0227041 -0.022481 0.401423 -0.425512 0.485244 0.268196 -0.346111 -0.203818 0.0283295 0.0113155 -0.307069 0.159702 0.256112 0.127551 0.0400252 0.232987 -0.496959 0.61555
internal_weight=640 580 560 495 476 358 65 40 53 20 60 31 318 296 30 118 22 106 58 48 29 33
internal_count=640 580 560 495 476 358 65 40 53 20 60 31 318 296 30 118 22 106 58 48 29 33
is_linear=0
shrinkage=0.02


Tree=8
num_leaves=27
num_cat=0
split_feature=0 1 0 11 0 0 3 1 1 8 2 1 8 8 1 1 0 8 1 1 0 1 1 1 1 0
split_gain=18735.9 13666.6 20899.5 4255.11 3256.74 3308.69 3130.64 7872.73 3013.54 15495.5 6591.82 4490.83 15713.1 3977.96 3620.81 3462.28 3079.31 5077.91 2957.7 2722.43 2349.9 1772.03 1416.21 591.502 381.288 190.271
threshold=1.4118427228857227 1.8480097792599792 -1.2170716644841164 -1.3514506895270879 -1.4528645211826161 -1.299775129147023 1.0405561888930905 2.1090205884121498 -1.0489912432696993 1.0755222747927229 -0.014943698052101953 -0.11274084775752997 0.22365304481174222 -0.19161949602724698 0.10835527928885029 0.022194453492460822 1.3203410173012302 -0.48613883952775944 -1.0039086850633003 -0.31603445712531159 -0.06098280738774161 -0.14670214850345678 1.4784325317906262 -1.0278867966074252 0.96237471437990718 0.15017497473031777
decision_type=2 2 2 2 2 2 2 2 2 2 2 2 2 2 2 2 2 2 2 2 2 2 2 2 2 2
left_child=1 2 3 -1 -5 24 22 -8 9 25 20 12 21 16 15 -15 17 -13 23 -20 -11 -10 -2 -14 -6 -4
right_child=6 -3 8 4 5 -7 7 -9 11 10 -12 13 18 14 -16 -17 -18 -19 19 -21 -22 -23 -24 -25 -26 -27
leaf_value=0.029580642290351806 -0.36508063286727988 -0.47791852878100832 0.65262894526566584 0.6588668775308818 0.13149344172698774 0.5732020412217701 0.15091127268811488 -0.48780648214775213 -0.39841920940020603 -0.12849273570993325 0.22303099495271292 -0.29824218374310113 -0.06571525243249271 0.27486150710909196 0.54538976299870123 -0.12931632005531371 0.25900213633152031 0.065079102423082458 0.030497656614755168 -0.21855975456262755 -0.51081436320106588 -0.75885519877518759 -0.65772721473835716 -0.25207592487335201 0.29243801645713274 0.50794297759597362
leaf_weight=11.999999999999998 16.000000000000004 20 10.000000000000002 19 14.999999999999998 15.000000000000002 14.000000000000002 17 13.000000000000002 18.000000000000004 18 23 9.9999999999999982 24 10.999999999999998 12.999999999999998 14.999999999999998 46 217 19 9.9999999999999982 9.9999999999999982 11.999999999999998 22 9.9999999999999982 10.999999999999998
leaf_count=12 16 20 10 19 15 15 14 17 13 18 18 23 10 24 11 13 15 46 217 19 10 10 12 22 10 11
internal_value=-2.82451e-06 0.0345003 0.0528521 0.373288 0.44301 0.339065 -0.339271 -0.199763 0.00635275 0.130874 -0.0747957 -0.0133944 -0.057282 0.0833204 0.228356 0.13286 0.000257841 -0.0562699 -0.014133 0.0103581 -0.266404 -0.55778 -0.492431 -0.194256 0.19682 0.579655
internal_weight=640 581 561 71 59 40 59 31 490 67 46 423 291 132 48 37 84 69 268 236 28 23 28 32 25 21
internal_count=640 581 561 71 59 40 59 31 490 67 46 423 291 132 48 37 84 69 268 236 28 23 28 32 25 21
is_linear=0
shrinkage=0.02


Tree=9
num_leaves=23
num_cat=0
split_feature=5 1 1 0 1 1 1 11 3 8 5 0 1 1 5 3 1 8 5 1 1 8
split_gain=18352.8 13162.8 20614.1 5361.22 7321.4 12059.2 4981.11 4707.13 4003.29 3730.72 4943.23 3680.24 4076.51 3438.24 3965.98 2960.38 7562.88 2905.63 1723.6 1407.71 329.337 20.0747
threshold=-1.4065637783329246 1.8480097792599792 0.82009449240444454 1.2006849407676632 -0.048328991211611341 -0.31603445712531159 -0.11274084775752997 -1.3514506895270879 0.40139429287374845 0.40941559958575519 -0.71854133826494193 1.1584533843440514 0.022194453492460822 0.96237471437990718 1.324410203727298 1.0405561888930905 2.1090205884121498 -0.1024583202662992 0.80179469298511286 1.4784325317906262 1.2000742621484883 -0.67555445879100684
decision_type=2 2 2 2 2 2 2 2 2 2 2 2 2 2 2 2 2 2 2 2 2 2
left_child=15 2 3 4 5 9 8 -4 -7 18 -11 12 -6 14 -9 19 -17 -14 -2 -1 -15 -5
right_child=1 -3 7 21 11 6 -8 13 -10 10 -12 -13 17 20 -16 16 -18 -19 -20 -21 -22 -23
leaf_value=-0.35691370512309817 0.47655748084039956 -0.46840768984004627 0.028993911112635589 -0.26400745495711214 0.47229989847861048 -0.27208474217855255 0.064165267589663677 -0.02301681716843406 -0.70504602511067038 -0.40356348389977803 0.026632897949707961 0.51600885339685387 0.12383313238875843 0.68548022057399283 0.53854928668182678 0.14791444520578315 -0.47810739322015411 -0.23907968351156406 0.10464500521669294 -0.64468137737148068 0.53766669883547236 -0.32013102633893981
leaf_weight=17.000000000000004 10.000000000000002 20 11.999999999999998 10.000000000000002 11.999999999999998 30 11.999999999999998 10.000000000000002 11.999999999999998 10.999999999999998 285 10.999999999999998 70 11.999999999999998 9.9999999999999982 14.000000000000002 17 9.9999999999999982 9.9999999999999982 11.999999999999998 21 11.999999999999998
leaf_count=17 10 20 12 10 12 30 12 10 12 11 285 11 70 12 10 14 17 10 10 12 21 12
internal_value=-3.80911e-06 0.0344621 0.052504 0.00849866 0.0227219 -0.0188024 -0.294721 0.387078 -0.397193 0.0284234 0.0105116 0.17177 0.130085 0.467928 0.258999 -0.332694 -0.195789 0.0782147 0.292097 -0.477831 0.593356 -0.295976
internal_weight=640 580 560 495 473 370 54 65 42 316 296 103 92 53 20 60 31 80 20 29 33 22
internal_count=640 580 560 495 473 370 54 65 42 316 296 103 92 53 20 60 31 80 20 29 33 22
is_linear=0
shrinkage=0.02


Tree=10
num_leaves=23
num_cat=0
split_feature=5 1 1 0 1 1 1 11 1 8 5 0 1 1 5 8 11 0 1 5 1 0
split_gain=17630.7 12644.1 19803.8 5150.72 7033.04 11584.2 4785.1 4521.98 3846.51 3584.57 4749.12 3536.08 3916.71 3302.52 3810.49 2791.37 2785.84 4338.49 3775.44 1655.98 316.562 19.2438
threshold=-1.4065637783329246 1.8480097792599792 0.82009449240444454 1.2006849407676632 -0.048328991211611341 -0.31603445712531159 -0.11274084775752997 -1.3514506895270879 -0.15388779921290738 0.40941559958575519 -0.71854133826494193 1.1584533843440514 0.022194453492460822 0.96237471437990718 1.324410203727298 -0.1024583202662992 1.3550430019744109 1.5666917631056327 2.0694995095101714 0.80179469298511286 1.2000742621484883 1.2728305163246669
decision_type=2 2 2 2 2 2 2 2 2 2 2 2 2 2 2 2 2 2 2 2 2 2
left_child=16 2 3 4 5 9 8 -4 -7 19 -11 12 -6 14 -9 -14 18 -18 -1 -2 -15 -5
right_child=1 -3 7 21 11 6 -8 13 -10 10 -12 -13 15 20 -16 -17 17 -19 -20 -21 -22 -23
leaf_value=-0.71536771488553696 0.46712068793797246 -0.45908615234479377 0.028418817914221899 -0.31378131023123235 0.46293197064360314 -0.26666113265725072 0.062892573648247851 -0.022561025525083628 -0.69106164995303798 -0.39556493149147381 0.026100420655806162 0.5057816483093811 0.121360002523142 0.67188391125891822 0.52788494072338144 -0.23434543080849224 -0.39401139866491269 0.10760803254182674 -0.27140598317091374 0.10257283050234957 0.52696433435684131 -0.25877958420479652
leaf_weight=12.999999999999998 10.000000000000002 20 11.999999999999998 12.000000000000002 11.999999999999998 29.999999999999996 11.999999999999998 10.000000000000002 12.000000000000002 10.999999999999998 285 10.999999999999998 70 11.999999999999998 9.9999999999999982 9.9999999999999982 16.000000000000004 11.999999999999998 19 9.9999999999999982 21 9.9999999999999982
leaf_count=13 10 20 12 12 12 30 12 10 12 11 285 11 70 12 10 10 16 12 19 10 21 10
internal_value=-5.08778e-06 0.033776 0.0514588 0.00832699 0.0222683 -0.0184301 -0.28886 0.379391 -0.389296 0.0278563 0.0102987 0.168352 0.127491 0.458635 0.253869 0.0766473 -0.326085 -0.179378 -0.453463 0.286314 0.581563 -0.29011
internal_weight=640 580 560 495 473 370 54 65 42 316 296 103 92 53 20 80 60 28 32 20 33 22
internal_count=640 580 560 495 473 370 54 65 42 316 296 103 92 53 20 80 60 28 32 20 33 22
is_linear=0
shrinkage=0.02


Tree=11
num_leaves=22
num_cat=0
split_feature=5 1 1 0 1 1 1 11 1 8 5 1 5 1 8 8 3 1 5 1 1
split_gain=16937 12145.8 19025.4 4963.29 6285.27 11128 4596.81 4344.1 3699.41 3444.15 4562.63 3172.16 3661.1 3011.87 3417.13 4058.28 2765.57 7223.3 1591.02 1422.49 304.282
threshold=-1.4065637783329246 1.8480097792599792 0.82009449240444454 1.2288393117167378 -0.048328991211611341 -0.31603445712531159 -0.11274084775752997 -1.3514506895270879 -0.14670214850345678 0.40941559958575519 -0.71854133826494193 0.96237471437990718 1.324410203727298 0.022194453492460822 -0.1024583202662992 -0.19161949602724698 1.0405561888930905 2.1090205884121498 0.80179469298511286 1.4784325317906262 1.2000742621484883
decision_type=2 2 2 2 2 2 2 2 2 2 2 2 2 2 2 2 2 2 2 2 2
left_child=16 2 3 4 5 9 8 -4 -7 18 -11 12 -9 -6 15 -15 19 -18 -2 -1 -13
right_child=1 -3 7 -5 13 6 -8 11 -10 10 -12 20 -14 14 -16 -17 17 -19 -20 -21 -22
leaf_value=-0.33860034351460405 0.45787080434289296 -0.44995010997525492 0.027855152256232647 -0.30796382384774573 0.45374985876162194 -0.27504825388531084 0.061645118579391617 -0.02211428481753509 -0.71618268267943108 -0.38772490939578497 0.025578597539017301 0.6585572852773115 0.51743177130670825 0.097269778231241236 -0.22970491768109916 0.46946594116535595 0.14858481995602868 -0.46320479900516265 0.10054166283937965 -0.6273957129549389 0.51647499111591355
leaf_weight=17.000000000000004 10.000000000000002 20 11.999999999999998 19 11.999999999999998 31.999999999999996 11.999999999999998 10.000000000000002 10.000000000000002 10.999999999999998 285 11.999999999999998 9.9999999999999982 70 9.9999999999999982 13.999999999999998 14.000000000000002 17 9.9999999999999982 11.999999999999998 21
leaf_count=17 10 20 12 19 12 32 12 10 10 11 285 12 10 70 10 14 14 17 10 12 21
internal_value=-6.20623e-06 0.0331035 0.0504344 0.00815879 0.0208413 -0.0180651 -0.283116 0.371857 -0.381556 0.0273005 0.0100902 0.449527 0.248841 0.156545 0.118152 0.159799 -0.319606 -0.187291 0.280645 -0.459882 0.570005
internal_weight=640 580 560 495 476 370 54 65 42 316 296 53 20 106 94 84 60 31 20 29 33
internal_count=640 580 560 495 476 370 54 65 42 316 296 53 20 106 94 84 60 31 20 29 33
is_linear=0
shrinkage=0.02


Tree=12
num_leaves=20
num_cat=0
split_feature=5 1 1 1 0 11 1 5 1 8 2 1 8 8 11 5 1 1 0
split_gain=16270.6 11667.3 18277.5 4836.66 7657.29 4173.22 3046.94 3517.56 2936.38 14888.2 6332.69 3773.33 13478.9 4067.75 2681.22 4043.36 3699.82 292.477 183.242
threshold=-1.4065637783329246 1.8480097792599792 0.82009449240444454 0.73420457448577292 -1.2170716644841164 -1.3514506895270879 0.96237471437990718 1.324410203727298 -1.0489912432696993 1.0755222747927229 -0.014943698052101953 -0.11274084775752997 0.22365304481174222 -0.48613883952775944 1.3550430019744109 -1.5666917631058093 2.0694995095101714 1.2000742621484883 0.15017497473031777
decision_type=2 2 2 2 2 2 2 2 2 2 2 2 2 2 2 2 2 2 2
left_child=14 2 3 4 -2 -4 7 -7 9 18 -11 12 -10 -13 16 -16 -1 -8 -6
right_child=1 -3 5 -5 8 6 17 -9 11 10 -12 13 -14 -15 15 -17 -18 -19 -20
leaf_value=-0.69742443463274539 0.49441254550264085 -0.44099589124840882 0.027302657198314827 -0.40478361396102214 0.63815486775766483 -0.021676400061881179 0.64549498628978885 0.50718558509751122 -0.51779351147738373 -0.26268248432683772 0.21703743349781349 -0.18433046935116429 -0.014275465287943465 0.13584358921719916 0.10765697889091552 -0.37658017282900602 -0.25807193331693479 0.50619444718293105 0.4963234779211852
leaf_weight=12.999999999999998 12.999999999999998 20 11.999999999999998 10.999999999999998 10.000000000000002 10.000000000000002 11.999999999999998 9.9999999999999982 23 28 18 19 268 94 12.000000000000002 15.999999999999998 19 21 10.999999999999998
leaf_count=13 13 20 12 11 10 10 12 10 23 28 18 19 268 94 12 16 19 21 11
internal_value=-6.87006e-06 0.032445 0.0494311 0.00799464 0.0174597 0.364473 0.4406 0.243913 0.00419113 0.126715 -0.0748807 -0.0161522 -0.0542401 0.0818848 -0.313257 -0.16937 -0.438207 0.558677 0.566614
internal_weight=640 580 560 495 484 65 53 20 471 67 46 404 291 113 60 28 32 33 21
internal_count=640 580 560 495 484 65 53 20 471 67 46 404 291 113 60 28 32 33 21
is_linear=0
shrinkage=0.02


end of trees

feature_importances:
Column_1=118
Column_0=48
Column_8=39
Column_5=35
Column_3=19
Column_11=15
Column_2=9

parameters:
[boosting: gbdt]
[objective: regression]
[metric: l2]
[tree_learner: serial]
[device_type: cpu]
[data_sample_strategy: goss]
[data: ]
[valid: ]
[num_iterations: 3000]
[learning_rate: 0.02]
[num_leaves: 63]
[num_threads: -1]
[seed: 42]
[deterministic: 0]
[force_col_wise: 0]
[force_row_wise: 0]
[histogram_pool_size: -1]
[max_depth: 8]
[min_data_in_leaf: 10]
[min_sum_hessian_in_leaf: 0.001]
[bagging_fraction: 1]
[pos_bagging_fraction: 1]
[neg_bagging_fraction: 1]
[bagging_freq: 0]
[bagging_seed: 400]
[bagging_by_query: 0]
[feature_fraction: 0.9]
[feature_fraction_bynode: 1]
[feature_fraction_seed: 30056]
[extra_trees: 0]
[extra_seed: 12879]
[early_stopping_round: 100]
[early_stopping_min_delta: 0]
[first_metric_only: 0]
[max_delta_step: 0]
[lambda_l1: 0.05]
[lambda_l2: 0.1]
[linear_lambda: 0]
[min_gain_to_split: 0]
[drop_rate: 0.1]
[max_drop: 50]
[skip_drop: 0.5]
[xgboost_dart_mode: 0]
[uniform_drop: 0]
[drop_seed: 17869]
[top_rate: 0.3]
[other_rate: 0.1]
[min_data_per_group: 100]
[max_cat_threshold: 32]
[cat_l2: 10]
[cat_smooth: 10]
[max_cat_to_onehot: 4]
[top_k: 20]
[monotone_constraints: ]
[monotone_constraints_method: basic]
[monotone_penalty: 0]
[feature_contri: ]
[forcedsplits_filename: ]
[refit_decay_rate: 0.9]
[cegb_tradeoff: 1]
[cegb_penalty_split: 0]
[cegb_penalty_feature_lazy: ]
[cegb_penalty_feature_coupled: ]
[path_smooth: 0]
[interaction_constraints: ]
[verbosity: -1]
[saved_feature_importance_type: 0]
[use_quantized_grad: 0]
[num_grad_quant_bins: 4]
[quant_train_renew_leaf: 0]
[stochastic_rounding: 1]
[linear_tree: 0]
[max_bin: 255]
[max_bin_by_feature: ]
[min_data_in_bin: 3]
[bin_construct_sample_cnt: 200000]
[data_random_seed: 175]
[is_enable_sparse: 1]
[enable_bundle: 1]
[use_missing: 1]
[zero_as_missing: 0]
[feature_pre_filter: 1]
[pre_partition: 0]
[two_round: 0]
[header: 0]
[label_column: ]
[weight_column: ]
[group_column: ]
[ignore_column: ]
[categorical_feature: ]
[forcedbins_filename: ]
[precise_float_parser: 0]
[parser_config_file: ]
[objective_seed: 16083]
[num_class: 1]
[is_unbalance: 0]
[scale_pos_weight: 1]
[sigmoid: 1]
[boost_from_average: 1]
[reg_sqrt: 0]
[alpha: 0.9]
[fair_c: 1]
[poisson_max_delta_step: 0.7]
[tweedie_variance_power: 1.5]
[lambdarank_truncation_level: 30]
[lambdarank_norm: 1]
[label_gain: ]
[lambdarank_position_bias_regularization: 0]
[eval_at: ]
[multi_error_top_k: 1]
[auc_mu_weights: ]
[num_machines: 1]
[local_listen_port: 12400]
[time_out: 120]
[machine_list_filename: ]
[machines: ]
[gpu_platform_id: -1]
[gpu_device_id: -1]
[gpu_use_dp: 0]
[num_gpu: 1]

end of parameters

pandas_categorical:null
