tree
version=v4
num_class=1
num_tree_per_iteration=1
label_index=0
max_feature_idx=12
objective=regression
feature_names=Column_0 Column_1 Column_2 Column_3 Column_4 Column_5 Column_6 Column_7 Column_8 Column_9 Column_10 Column_11 Column_12
feature_infos=[-1.7577478404683111:1.7369109375046476] [-1.1000879221505266:2.29885597882955] [-2.7193423030340584:2.6346582242056109] [-3.1165518781156889:1.1053170629985078] [-1.8996944786997998:1.8737262194449686] [-1.7369109375048324:1.7577478404681428] [-1.7474146742585002:1.7471082639557356] [-1.7540604121239678:1.7334414066377373] [-2.2967531149643436:1.1007952313617584] [-1.6626978587923764:1.6473177897294065] [-2.2454070263878663:1.1180747177747736] [-1.3616026989669388:1.3575849766249208] [-2.0732619099580485:1.1759696645865403]
tree_sizes=2371 2442 2453 2548 2566 2569 2458 3159 3155 3182 3182 3008 2990 2694 3023 3059 2902 3119 2811 2444 3115 3177 3113 3060 3033 2979 2701

Tree=0
num_leaves=25
num_cat=0
split_feature=5 11 0 0 1 0 1 8 0 1 0 1 0 11 5 8 11 11 11 5 0 0 0 0
split_gain=41874.4 22026.5 19728 7209 6102.66 8329.7 8869.74 8795.48 12314.3 3031.26 8891.87 3990.15 2822.92 3295.78 3728.58 2822.1 1845.22 2687.59 1759.93 1274.73 1195.75 1459.85 1031.78 414.112
threshold=-1.2249434265317809 -1.3511554014363745 0.83004698462066484 1.6635231031672155 1.1915168105925489 -1.2527696470512184 0.097180586550156892 0.83687740577478686 0.61337814038634142 0.24573053102091916 1.0362318525210696 -0.0049959717240706135 1.3420144955937032 1.35607398909724 -1.4276336356542183 1.0515243898597886 -1.360598266837006 -1.3548585931580741 1.3529582055680673 1.175887153935663 -1.3471254340564882 -1.3768300336692585 0.94711805368275892 -1.1112359665433136
decision_type=2 2 2 2 2 2 2 2 2 2 2 2 2 2 2 2 2 2 2 2 2 2 2 2
left_child=3 16 4 12 5 20 7 8 -7 10 11 22 -1 14 18 -9 -2 -18 -14 23 21 -3 -4 -8
right_child=1 2 9 -5 -6 6 19 15 -10 -11 -12 -13 13 -15 -16 -17 17 -19 -20 -21 -22 -23 -24 -25
leaf_value=419.40842722060273 420.33448219166689 419.95541758767257 419.92893668793687 419.67753167450007 419.16556540231448 419.85323607475641 419.47059904302563 419.48618443257811 419.45169869280789 419.77832188150779 420.47743477341356 419.58096715660781 418.65535013104346 419.34372117255998 419.21013236411557 419.64351596780267 419.89813375404702 420.31287027576184 419.03736867996724 419.10627030863623 420.04869497956696 419.63967667013111 420.19502957861022 419.29388499998834
leaf_weight=18 14.999999999999998 13.999999999999998 15.000000000000002 13.999999999999998 10.999999999999998 119 10.999999999999998 114 41 20 14.999999999999998 10.999999999999998 10.999999999999998 19 22.000000000000004 76 17 10.000000000000002 9.9999999999999982 9.9999999999999982 15.999999999999998 10.000000000000002 9.9999999999999982 11.000000000000002
leaf_count=18 15 14 15 14 11 119 11 114 41 20 15 11 11 19 22 76 17 10 10 10 16 10 10 11
internal_value=419.649 419.716 419.679 419.259 419.628 419.641 419.612 419.641 419.75 419.988 420.07 419.898 419.186 419.122 419.025 419.549 420.155 420.054 418.833 419.294 419.915 419.824 420.037 419.381
internal_weight=640 546 504 94 433 422 382 350 160 71 51 36 80 62 43 190 42 27 21 32 40 24 25 22
internal_count=640 546 504 94 433 422 382 350 160 71 51 36 80 62 43 190 42 27 21 32 40 24 25 22
is_linear=0
shrinkage=1


Tree=1
num_leaves=25
num_cat=0
split_feature=5 11 0 0 1 0 1 8 0 1 0 1 0 11 1 8 11 11 11 5 0 0 0 0
split_gain=40227.6 21161 18952.5 6925.57 5863.12 8002.08 8521.86 8447.33 11827.5 2912.2 8541.74 3833.52 2712.06 3166.52 3583.1 2710.43 1772.39 2582.43 1690.67 1224.75 1148.64 1402.47 991.431 397.834
threshold=-1.2249434265317809 -1.3511554014363745 0.83004698462066484 1.6635231031672155 1.1915168105925489 -1.2527696470512184 0.097180586550156892 0.83687740577478686 0.61337814038634142 0.24573053102091916 1.0362318525210696 -0.0049959717240706135 1.3420144955937032 1.35607398909724 1.1471494580977128 1.0515243898597886 -1.360598266837006 -1.3548585931580741 1.3529582055680673 1.175887153935663 -1.3471254340564882 -1.3768300336692585 0.94711805368275892 -1.1112359665433136
decision_type=2 2 2 2 2 2 2 2 2 2 2 2 2 2 2 2 2 2 2 2 2 2 2 2
left_child=3 16 4 12 5 20 7 8 -7 10 11 22 -1 14 -14 -9 -2 -18 -16 23 21 -3 -4 -8
right_child=1 2 9 -5 -6 6 19 15 -10 -11 -12 -13 13 -15 18 -17 17 -19 -20 -21 -22 -23 -24 -25
leaf_value=-0.23553198524601549 0.67211927856041098 0.3005886256441157 0.27463094408148953 0.028220987928674574 -0.47359709043760562 0.20041067907794699 -0.174609156471115 -0.15930621943120682 -0.19310898169403817 0.12700423062737307 0.81223171840440378 -0.066428525941865949 -0.42987407727478855 -0.29894930950946202 -0.97369995667053755 -0.0051186205632739882 0.24443613041214077 0.65098025482479871 -0.59926386702178724 -0.53172662508369672 0.39200663916072487 -0.0088827741264116619 0.53547303950432501 -0.34782075443783311
leaf_weight=18 14.999999999999998 13.999999999999998 15.000000000000002 13.999999999999998 10.999999999999998 119 10.999999999999998 114 41 20 14.999999999999998 10.999999999999998 22 19 11.000000000000002 76 17 10.000000000000002 9.9999999999999982 9.9999999999999982 15.999999999999998 10.000000000000002 9.9999999999999982 11.000000000000002
leaf_count=18 15 14 15 14 11 119 11 114 41 20 15 11 22 19 11 76 17 10 10 10 16 10 10 11
internal_value=0 0.0658092 0.0298188 -0.381923 -0.0198677 -0.00792882 -0.0361362 -0.00752709 0.0995074 0.332452 0.412594 0.244262 -0.453657 -0.516486 -0.611667 -0.0976716 0.496574 0.396891 -0.79913 -0.348019 0.260845 0.172099 0.380725 -0.262442
internal_weight=640 546 504 94 433 422 382 350 160 71 51 36 80 62 43 190 42 27 21 32 40 24 25 22
internal_count=640 546 504 94 433 422 382 350 160 71 51 36 80 62 43 190 42 27 21 32 40 24 25 22
is_linear=0
shrinkage=0.02


Tree=2
num_leaves=25
num_cat=0
split_feature=5 11 2 1 1 1 1 8 8 1 2 10 1 11 1 8 11 11 11 5 2 1 3 1
split_gain=38645.5 20329.5 18207.6 6653.28 5632.98 7687.35 8187.63 8112.97 11481.5 2797.82 8205.41 3683.03 2605.55 3042.32 3443.29 2603.18 1702.42 2481.38 1624.14 1176.72 1103.39 1347.34 952.66 382.195
threshold=-1.2249434265317809 -1.3511554014363745 0.29247856804331446 1.9567821410155803 1.1915168105925489 0.63144580415303275 0.097180586550156892 0.83687740577478686 0.77740865205954857 0.24573053102091916 0.56381852172336144 -0.0065882811397389822 0.88100345009067005 1.35607398909724 1.1471494580977128 1.0515243898597886 -1.360598266837006 -1.3548585931580741 1.3529582055680673 1.175887153935663 -1.2210648192037368 0.96439584130179434 0.4430757338207203 0.24573053102091916
decision_type=2 2 2 2 2 2 2 2 2 2 2 2 2 2 2 2 2 2 2 2 2 2 2 2
left_child=3 16 4 12 5 6 7 8 -3 10 11 -4 -1 14 -14 -9 -2 -18 -16 23 21 -7 -13 -8
right_child=1 2 9 -5 -6 20 19 15 -10 -11 -12 22 13 -15 18 -17 17 -19 -20 -21 -22 -23 -24 -25
leaf_value=-0.23084738420518061 0.6587658903614575 0.031497682357417178 -0.065111917547277506 0.027660568656650841 -0.46421047966759482 -0.0087068882555064574 -0.34092701997842867 -0.15612289607472635 0.53223577806734923 0.12447676013358196 0.79609468371662884 0.26917470363591672 -0.42131550933440887 -0.29300164567550435 -0.95440140320374067 -0.0050163729463394303 0.23957597911009312 0.63808955334200701 -0.58739725200256498 -0.5211973982518262 0.38421521032819095 0.29461949828668693 0.52486962837748008 -0.17114843948467359
leaf_weight=18 14.999999999999998 139 10.999999999999998 13.999999999999998 10.999999999999998 10.000000000000002 11.000000000000002 114 21 20 14.999999999999998 15.000000000000002 22 19 11.000000000000002 76 17 10.000000000000002 9.9999999999999982 9.9999999999999982 15.999999999999998 13.999999999999998 9.9999999999999982 10.999999999999998
leaf_count=18 15 139 11 14 11 10 11 114 21 20 15 15 22 19 11 76 17 10 10 10 16 14 10 11
internal_value=-2.47893e-07 0.0645013 0.029225 -0.374339 -0.0194751 -0.00777289 -0.03542 -0.00737751 0.0975172 0.325851 0.404403 0.239418 -0.444648 -0.506231 -0.599528 -0.09572 0.486718 0.38902 -0.783297 -0.341126 0.255662 0.16868 0.373176 -0.257242
internal_weight=640 546 504 94 433 422 382 350 160 71 51 36 80 62 43 190 42 27 21 32 40 24 25 22
internal_count=640 546 504 94 433 422 382 350 160 71 51 36 80 62 43 190 42 27 21 32 40 24 25 22
is_linear=0
shrinkage=0.02


Tree=3
num_leaves=26
num_cat=0
split_feature=5 11 0 0 1 0 1 8 0 1 0 1 0 11 1 8 11 11 11 5 0 0 0 0 0
split_gain=37126 19530.5 17491.6 6391.69 5411.94 7384.83 7866.66 7792.44 11256.1 2687.93 7882.31 3538.46 2503.22 2923 3308.94 2500.17 1635.22 2384.28 1560.22 1130.58 1059.92 1294.38 915.404 367.17 1.78907
threshold=-1.2249434265317809 -1.3511554014363745 0.83004698462066484 1.6635231031672155 1.1915168105925489 -1.2527696470512184 0.097180586550156892 0.83687740577478686 0.61337814038634142 0.24573053102091916 1.0362318525210696 -0.0049959717240706135 1.3420144955937032 1.35607398909724 1.1471494580977128 1.0515243898597886 -1.360598266837006 -1.3548585931580741 1.3529582055680673 1.175887153935663 -1.3471254340564882 -1.3768300336692585 0.94711805368275892 -1.1112359665433136 1.3891923890963385
decision_type=2 2 2 2 2 2 2 2 2 2 2 2 2 2 2 2 2 2 2 2 2 2 2 2 2
left_child=3 16 4 12 5 20 7 8 -7 10 11 22 -1 14 24 -9 -2 -18 -16 23 21 -3 -4 -8 -14
right_child=1 2 9 -5 -6 6 19 15 -10 -11 -12 -13 13 -15 18 -17 17 -19 -20 -21 -22 -23 -24 -25 -26
leaf_value=-0.2262559334349237 0.64567783583078953 0.288768882210373 0.26382686122363758 0.027111281672268048 -0.45500991099589577 0.19401057370763983 -0.16775629576262055 -0.15300315811583656 -0.18988462484085936 0.12199962015768781 0.78027820359792144 -0.063821423504803645 -0.44262899682073298 -0.28717228297163677 -0.93548535046276726 -0.0049161851750723481 0.23481249692147235 0.62545414386409326 -0.5757656320722977 -0.51087663659955018 0.37657864872713265 -0.0085344582737082279 0.51447617549707392 -0.33416990580859479 -0.38463974266998036
leaf_weight=18 14.999999999999998 13.999999999999998 15.000000000000002 13.999999999999998 10.999999999999998 119 10.999999999999998 114 41 20 14.999999999999998 10.999999999999998 10.000000000000002 19 11.000000000000002 76 17 10.000000000000002 9.9999999999999982 9.9999999999999982 15.999999999999998 10.000000000000002 9.9999999999999982 11.000000000000002 11.999999999999998
leaf_count=18 15 14 15 14 11 119 11 114 41 20 15 11 10 19 11 76 17 10 10 10 16 10 10 11 12
internal_value=0 0.0632214 0.0286453 -0.366905 -0.0190877 -0.00761729 -0.034715 -0.00722759 0.095574 0.319381 0.396375 0.23467 -0.435818 -0.49618 -0.587629 -0.0938074 0.477057 0.381306 -0.767778 -0.334369 0.250583 0.16533 0.365777 -0.252144 -0.412927
internal_weight=640 546 504 94 433 422 382 350 160 71 51 36 80 62 43 190 42 27 21 32 40 24 25 22 22
internal_count=640 546 504 94 433 422 382 350 160 71 51 36 80 62 43 190 42 27 21 32 40 24 25 22 22
is_linear=0
shrinkage=0.02


Tree=4
num_leaves=26
num_cat=0
split_feature=5 11 0 0 3 0 3 8 8 3 0 10 0 11 2 8 11 11 11 5 0 0 0 0 0
split_gain=35667.5 18763 16804.1 6140.68 5199.5 7094.38 7558.13 7483.99 10928.4 2582.36 7571.93 3399.56 2405.16 2808.73 3179.1 2401.24 1570.67 2290.99 1498.81 1086.25 1018.16 1243.5 879.604 352.735 1.69993
threshold=-1.2249434265317809 -1.3511554014363745 0.83004698462066484 1.6635231031672155 0.93116910823274457 -1.2527696470512184 0.56201897773088316 0.83687740577478686 0.77740865205954857 0.63351640584407753 1.0362318525210696 -0.0065882811397389822 1.3420144955937032 1.35607398909724 1.4655139806783843 1.0515243898597886 -1.360598266837006 -1.3548585931580741 1.3529582055680673 1.175887153935663 -1.3471254340564882 -1.3768300336692585 0.94711805368275892 -1.1112359665433136 1.3891923890963385
decision_type=2 2 2 2 2 2 2 2 2 2 2 2 2 2 2 2 2 2 2 2 2 2 2 2 2
left_child=3 16 4 12 5 20 7 8 -7 10 11 -4 -1 14 24 -9 -2 -18 -16 23 21 -3 -13 -8 -14
right_child=1 2 9 -5 -6 6 19 15 -10 -11 -12 22 13 -15 18 -17 17 -19 -20 -21 -22 -23 -24 -25 -26
leaf_value=-0.2217558225347192 0.63284979523412443 0.28303446695314233 -0.062556479342348953 0.026572904451519039 -0.44599169172682201 0.029253842170764696 -0.16443140138376941 -0.14994580525000509 0.51777970210070867 0.11957177518019035 0.76477599390295181 0.25858526570907486 -0.43386406889056195 -0.28145892303027409 -0.91694418967307134 -0.0048179800454013141 0.2301436981401945 0.61306890204401276 -0.56436430905715074 -0.50076028984371979 0.36909384514234078 -0.0083654709617690254 0.50428850759374033 -0.32754670383693929 -0.37701054360255726
leaf_weight=18 14.999999999999998 13.999999999999998 10.999999999999998 13.999999999999998 10.999999999999998 139 10.999999999999998 114 21 20 14.999999999999998 15.000000000000002 10.000000000000002 19 11.000000000000002 76 17 10.000000000000002 9.9999999999999982 9.9999999999999982 15.999999999999998 10.000000000000002 9.9999999999999982 11.000000000000002 11.999999999999998
leaf_count=18 15 14 11 14 11 139 11 114 21 20 15 15 10 19 11 76 17 10 10 10 16 10 10 11 12
internal_value=-1.49092e-06 0.0619649 0.0280749 -0.359628 -0.0187106 -0.0074675 -0.0340271 -0.00708399 0.0936625 0.313039 0.388507 0.230016 -0.427174 -0.486343 -0.575986 -0.091933 0.467589 0.373744 -0.752567 -0.327746 0.245604 0.162045 0.358524 -0.247147 -0.404745
internal_weight=640 546 504 94 433 422 382 350 160 71 51 36 80 62 43 190 42 27 21 32 40 24 25 22 22
internal_count=640 546 504 94 433 422 382 350 160 71 51 36 80 62 43 190 42 27 21 32 40 24 25 22 22
is_linear=0
shrinkage=0.02


Tree=5
num_leaves=26
num_cat=0
split_feature=5 11 0 0 1 0 1 8 0 1 0 1 8 0 11 5 11 11 5 0 0 11 0 0 0
split_gain=34266.6 18025.6 16143.3 5915.88 4995.47 6815.2 7261.84 7188.31 10712.3 2480.93 7273.78 3266.11 2306.23 2023.23 2167.82 1785.86 1508.66 2201.34 1043.66 978.048 1194.63 867.635 845.204 338.867 1.61433
threshold=-1.2249434265317809 -1.3511554014363745 0.83004698462066484 1.6897330440020126 1.1915168105925489 -1.2527696470512184 0.097180586550156892 0.83687740577478686 0.61337814038634142 0.24573053102091916 1.0362318525210696 -0.0049959717240706135 1.0515243898597886 1.3420144955937032 1.35607398909724 -1.4276336356542183 -1.360598266837006 -1.3548585931580741 1.175887153935663 -1.3471254340564882 -1.3768300336692585 1.3510813095786542 0.94711805368275892 -1.1112359665433136 1.3891923890963385
decision_type=2 2 2 2 2 2 2 2 2 2 2 2 2 2 2 2 2 2 2 2 2 2 2 2 2
left_child=3 16 4 13 5 19 7 8 -7 10 11 22 -9 -1 15 21 -2 -18 23 20 -3 -15 -4 -8 -17
right_child=1 2 9 -5 -6 6 18 12 -10 -11 -12 -13 -14 14 -16 24 17 -19 -20 -21 -22 -23 -24 -25 -26
leaf_value=-0.21734521107120405 0.62027663451946335 0.27741392311474955 0.25344779816684337 0.10635167244637367 -0.43715222195462061 0.18782625593926905 -0.16117240313474124 -0.14694949382705505 -0.18667982028348601 0.11719222491060323 0.74958179701243033 -0.061316625406076249 -0.0047217544086972617 -0.79780414165836744 -0.27585921500989902 -0.42527271346290485 0.22556774540951374 0.60092893109463208 -0.49084424632610663 0.36175780556957171 -0.0081998092349212931 -0.54388425154401765 0.49430260459975445 -0.32105479790283747 -0.36953263826606686
leaf_weight=18 14.999999999999998 13.999999999999998 15.000000000000002 9.9999999999999982 10.999999999999998 119 10.999999999999998 114 41 20 14.999999999999998 10.999999999999998 76 9.9999999999999982 19 10.000000000000005 17 10.000000000000002 9.9999999999999982 15.999999999999998 10.000000000000002 14.999999999999998 9.9999999999999982 11.000000000000002 11.999999999999998
leaf_count=18 15 14 15 10 11 119 11 114 41 20 15 11 76 10 19 10 17 10 10 16 10 15 10 11 12
internal_value=-1.83791e-06 0.0607354 0.027518 -0.352495 -0.0183383 -0.007318 -0.0333498 -0.00694001 0.0917962 0.306824 0.380794 0.225454 -0.0900961 -0.407193 -0.458547 -0.531636 0.458308 0.366332 -0.321254 0.240724 0.158826 -0.648266 0.351415 -0.24225 -0.396724
internal_weight=640 546 504 94 433 422 382 350 160 71 51 36 190 84 66 47 42 27 32 40 24 25 25 22 22
internal_count=640 546 504 94 433 422 382 350 160 71 51 36 190 84 66 47 42 27 32 40 24 25 25 22 22
is_linear=0
shrinkage=0.02


Tree=6
num_leaves=25
num_cat=0
split_feature=0 11 0 0 1 0 1 8 8 0 11 1 1 0 10 8 11 11 11 0 0 0 0 0
split_gain=31778.1 17380.2 15145.9 5496.7 4799.39 6547.15 6977.03 6903.78 10401.9 2996.64 2610.39 2967.94 2601.19 6987.37 3137.9 2214.97 1449.11 2115.21 1411.17 939.515 1147.67 812.148 658.323 1.53201
threshold=1.2162067795866769 -1.3511554014363745 0.83004698462066484 1.6635231031672155 1.1915168105925489 -1.2527696470512184 0.097180586550156892 0.83687740577478686 0.77740865205954857 1.3420144955937032 1.35607398909724 1.1471494580977128 0.24573053102091916 1.0362318525210696 -0.0065882811397389822 1.0515243898597886 -1.360598266837006 -1.3548585931580741 1.3529582055680673 -1.3471254340564882 -1.3768300336692585 0.94711805368275892 -1.1217199428772324 1.3891923890963385
decision_type=2 2 2 2 2 2 2 2 2 2 2 2 2 2 2 2 2 2 2 2 2 2 2 2
left_child=1 16 4 9 5 19 7 8 -7 -2 11 23 13 14 -4 -9 -1 -18 -13 20 -3 -16 -8 -11
right_child=3 2 12 -5 -6 6 22 15 -10 10 -12 18 -14 -15 21 -17 17 -19 -20 -21 -22 -23 -24 -25
leaf_value=0.60795325373971698 -0.17941907383384503 0.27190500516418026 -0.060101358224679768 0.028342898957272794 -0.42848793442184857 0.027123082148608844 -0.39025484617897038 -0.14401308435185975 0.50373446224990048 -0.41685146898326297 -0.27037090988059315 -0.88433074470038864 0.09842342876014909 0.73468942351688626 0.24841241672339023 -0.004627432079102144 0.22108276986239248 0.58902934272690555 -0.54241882494180504 0.35456759686795813 -0.0080374542085250994 0.48451442425793945 -0.20252842677458549 -0.36220307421093145
leaf_weight=14.999999999999998 19 13.999999999999998 10.999999999999998 13.999999999999998 10.999999999999998 139 19 114 21 10.000000000000002 19 11.000000000000002 19 14.999999999999998 15.000000000000002 76 17 10.000000000000002 9.9999999999999982 15.999999999999998 10.000000000000002 9.9999999999999982 12.999999999999998 11.999999999999998
leaf_count=15 19 14 11 14 11 139 19 114 21 10 19 11 19 15 15 76 17 10 10 16 10 10 13 12
internal_value=-3.30973e-06 0.0588508 0.0261713 -0.337358 -0.017976 -0.00717411 -0.0326889 -0.00680212 0.0899601 -0.400534 -0.467882 -0.554301 0.298904 0.373235 0.220983 -0.0882958 0.449212 0.359067 -0.724905 0.235941 0.155671 0.344447 -0.314891 -0.388862
internal_weight=640 545 503 95 433 422 382 350 160 81 62 43 70 51 36 190 42 27 21 40 24 25 32 22
internal_count=640 545 503 95 433 422 382 350 160 81 62 43 70 51 36 190 42 27 21 40 24 25 32 22
is_linear=0
shrinkage=0.02


Tree=7
num_leaves=33
num_cat=0
split_feature=5 11 0 0 0 8 1 1 1 1 0 1 0 1 0 11 1 8 8 0 0 0 5 5 0 0 11 11 11 0 1 0
split_gain=31651 16634.6 14915.1 5532.46 4659.01 6454.66 11322.1 7196.35 9177.42 6270.69 9677.77 2278.83 6712.23 3014.73 2132.47 2508.34 2851.48 2127.32 7672.76 8716.57 3970.18 1954.14 1832.58 2685.14 2659.4 1579.17 1391.9 2032.44 1355.63 780.385 210.872 1.45293
threshold=-1.2249434265317809 -1.3511554014363745 0.83004698462066484 1.6635231031672155 0.70074460983566533 0.83687740577478686 -0.14948439069807756 0.57896539304687489 1.1915168105925489 -0.40463063324586923 -0.68663492501959922 0.24573053102091916 1.0362318525210696 -0.0049959717240706135 1.3420144955937032 1.35607398909724 1.1471494580977128 1.0515243898597886 1.0813334493154221 1.0000000180025095e-35 0.13985187597100532 -1.1217199428772324 -0.37399401409535948 -0.23595499236543577 0.43165588393174742 -0.8648625226962201 -1.360598266837006 -1.3548585931580741 1.3529582055680673 0.94711805368275892 -0.48183547270266919 1.3891923890963385
decision_type=2 2 2 2 2 2 2 2 2 2 2 2 2 2 2 2 2 2 2 2 2 2 2 2 2 2 2 2 2 2 2 2
left_child=3 26 4 14 5 6 9 21 -9 10 -3 12 13 29 -1 16 31 22 20 -20 -19 -8 24 -24 -7 -11 -2 -28 -18 -4 -6 -16
right_child=1 2 11 -5 30 17 7 8 -10 25 -12 -13 -14 -15 15 -17 28 18 19 -21 -22 -23 23 -25 -26 -27 27 -29 -30 -31 -32 -33
leaf_value=-0.2094537642252379 0.59587468178856451 -0.29391634075265177 0.24347707476836949 0.027780062357584633 -0.21777342599285529 0.20704581238841274 -0.40938246080229951 0.2281626500990559 -0.41999539074597059 0.33114607700631632 0.23540566938429372 0.1131778386813491 0.72009294168838611 -0.058910135664381427 -0.40859697020880048 -0.26499180626494723 -0.8668034685839402 0.41985011245567749 -0.42814590303729683 0.11573380449633577 -0.071325281256496328 -0.15252059627462317 -0.34908707974141812 -0.11065600325868548 -0.2137107852557758 0.66077536228274514 0.21668698851825199 0.577365395951979 -0.53167785125203648 0.47492010513154592 -0.33926066143822126 -0.35501887613091582
leaf_weight=18 14.999999999999998 17 15.000000000000002 13.999999999999998 12.000000000000002 13.000000000000002 18 41 10.999999999999998 12.000000000000002 72 20 14.999999999999998 10.999999999999998 10.000000000000002 19 11.000000000000002 19.000000000000004 24 23 9.9999999999999982 35 27 63 10.999999999999998 11.999999999999998 17 10.000000000000002 9.9999999999999982 9.9999999999999982 12.999999999999998 11.999999999999998
leaf_count=18 15 17 15 14 12 13 18 41 11 12 72 20 15 11 10 19 11 19 24 23 10 35 27 63 11 12 17 10 10 10 13 12
internal_value=-2.3791e-06 0.0583707 0.0264606 -0.338776 -0.0176166 -0.00134376 0.0729036 -0.0765819 0.0904901 0.21176 0.134072 0.294931 0.365826 0.216601 -0.40289 -0.458605 -0.543318 -0.0865316 -0.004535 -0.16229 0.250782 -0.240382 -0.141135 -0.182504 0.014071 0.49806 0.440296 0.351946 -0.710543 0.337617 -0.282087 -0.381156
internal_weight=640 546 504 94 433 408 218 105 52 113 89 71 51 36 80 62 43 190 76 47 29 53 114 90 24 24 42 27 21 25 25 22
internal_count=640 546 504 94 433 408 218 105 52 113 89 71 51 36 80 62 43 190 76 47 29 53 114 90 24 24 42 27 21 25 25 22
is_linear=0
shrinkage=0.02


Tree=8
num_leaves=33
num_cat=0
split_feature=0 11 0 0 0 8 1 1 1 1 0 0 1 0 1 8 8 0 0 11 0 1 1 0 8 0 11 11 11 0 1 0
split_gain=29318.9 16041.8 13970 5121.89 4475.94 6199.55 10876.2 6911.97 8816.42 6025.22 9296.01 2472.05 2406.93 6447.92 2896.39 2043.36 7370.23 8372.84 3813.91 1933.76 1877.28 1635.47 3849.02 3085.85 1600.13 1517.1 1336.95 1952.91 793.119 749.863 202.546 1.37701
threshold=1.2162067795866769 -1.3511554014363745 0.83004698462066484 1.6897330440020126 0.70074460983566533 0.83687740577478686 -0.14948439069807756 0.57896539304687489 1.1915168105925489 -0.40463063324586923 -0.68663492501959922 1.3420144955937032 0.24573053102091916 1.0362318525210696 -0.0049959717240706135 1.0515243898597886 1.0813334493154221 1.0000000180025095e-35 0.13985187597100532 1.35607398909724 -1.1217199428772324 -0.94193597015263919 -0.9146089041048785 0.23944965114323466 -1.1474808114625137 -0.8648625226962201 -1.360598266837006 -1.3548585931580741 1.3510813095786542 0.94711805368275892 -0.48183547270266919 1.3891923890963385
decision_type=2 2 2 2 2 2 2 2 2 2 2 2 2 2 2 2 2 2 2 2 2 2 2 2 2 2 2 2 2 2 2 2
left_child=1 26 4 11 5 6 9 20 -9 10 -3 -2 13 14 29 21 18 -18 -17 24 -8 23 -23 -7 28 -11 -1 -28 -13 -4 -6 -26
right_child=3 2 12 -5 30 15 7 8 -10 25 -12 19 -14 -15 -16 16 17 -19 -20 -21 -22 22 -24 -25 31 -27 27 -29 -30 -31 -32 -33
leaf_value=0.58403615029442391 -0.17202016391055122 -0.28807239718604505 0.23863978505924041 0.1031343473302256 -0.21345395285235941 -0.094308732940986781 -0.40124004362696442 0.22361050786763212 -0.41167116800944009 0.3245778879055306 0.23070408509607623 -0.75448758757940615 0.094213557817548976 0.70578646274591916 -0.057742551339639209 0.41149704688506589 -0.41961852995686505 0.11342914404807151 -0.069912921697786554 -0.25971971888816792 -0.14947886267278948 0.24577965174012512 -0.16706791629496309 -0.36480216219856287 -0.40050594631988196 0.64766905792488549 0.21237857154935424 0.56593240549068624 -0.51204268089193383 0.46551572063181662 -0.33252724392723493 -0.34797716526945766
leaf_weight=14.999999999999998 19 17 15.000000000000002 9.9999999999999982 12.000000000000002 45 18 41 10.999999999999998 12.000000000000002 72 9.9999999999999982 19 14.999999999999998 10.999999999999998 19.000000000000004 24 23 9.9999999999999982 19 35 12.999999999999998 29 27 10.000000000000005 11.999999999999998 17 10.000000000000002 14.999999999999998 9.9999999999999982 12.999999999999998 11.999999999999998
leaf_count=15 19 17 15 10 12 45 18 41 11 12 72 10 19 15 11 19 24 23 10 19 35 13 29 27 10 12 17 10 15 10 13 12
internal_value=-4.06338e-06 0.0565268 0.0251307 -0.324042 -0.0172682 -0.00131816 0.0714471 -0.0750648 0.0886726 0.207541 0.131389 -0.374372 0.287063 0.358564 0.212305 -0.0848056 -0.0044431 -0.159057 0.245789 -0.432261 -0.235596 -0.138321 -0.0389777 -0.196123 -0.501291 0.488182 0.431557 0.344966 -0.61168 0.330923 -0.27649 -0.373603
internal_weight=640 545 503 95 433 408 218 105 52 113 89 85 70 51 36 190 76 47 29 66 53 114 42 72 47 24 42 27 25 25 25 22
internal_count=640 545 503 95 433 408 218 105 52 113 89 85 70 51 36 190 76 47 29 66 53 114 42 72 47 24 42 27 25 25 25 22
is_linear=0
shrinkage=0.02


Tree=9
num_leaves=33
num_cat=0
split_feature=5 11 0 0 0 8 1 1 1 1 0 1 0 1 1 8 8 0 0 0 5 0 5 0 11 11 0 2 5 0 1 0
split_gain=29235.4 15351.1 13781 5188.27 4300.08 5954.46 10447.8 6638.83 8469.61 5789.35 8929.3 2092.86 6194.03 2782.7 2057.93 1962.68 7079.63 8042.67 3663.79 1803.44 1714.09 2496.62 2461.31 1457.47 1284.17 1876.49 1235.7 1797.85 1219.61 720.534 194.549 1.30407
threshold=-1.2249434265317809 -1.3511554014363745 0.83004698462066484 1.6635231031672155 0.70074460983566533 0.83687740577478686 -0.14948439069807756 0.57896539304687489 1.1915168105925489 -0.40463063324586923 -0.68663492501959922 0.24573053102091916 1.0362318525210696 -0.0049959717240706135 1.6999106591025681 1.0515243898597886 1.0813334493154221 1.0000000180025095e-35 0.13985187597100532 -1.1217199428772324 -0.37399401409535948 0.43165588393174742 -0.23595499236543577 -0.8648625226962201 -1.360598266837006 -1.3548585931580741 1.3420144955937032 1.8236726931525598 -1.4276336356542183 0.94711805368275892 -0.48183547270266919 1.3891923890963385
decision_type=2 2 2 2 2 2 2 2 2 2 2 2 2 2 2 2 2 2 2 2 2 2 2 2 2 2 2 2 2 2 2 2
left_child=3 24 4 14 5 6 9 19 -9 10 -3 12 13 29 26 20 18 -18 -17 -8 21 -7 -22 -11 -2 -26 -1 28 -28 -4 -6 -30
right_child=1 2 11 -5 30 15 7 8 -10 23 -12 -13 -14 -15 -16 16 17 -19 -20 -21 22 -23 -24 -25 25 -27 27 -29 31 -31 -32 -33
leaf_value=-0.2018664320002603 0.57243276836066848 -0.28234462625276274 0.23389859666887491 0.029358484322297658 -0.20922016931959417 0.20151181814324759 -0.39325957767212588 0.21914916923736424 -0.40351190171800222 0.31813998253877485 0.22609639764989467 0.10931554215464426 0.69176422422295392 -0.05659811896246833 -0.64237406996993329 0.40331020375196835 -0.4112609777806705 0.11117038247905252 -0.068528515183099437 -0.14649781702590464 -0.33506160130799911 -0.20616382598876953 -0.10677931920284324 0.63482275513578057 0.20815585894891392 0.55472582722654418 -0.60029711065825486 -0.19140461812492546 -0.39257513971611963 0.45629759533570541 -0.32592746821978624 -0.34107514326237448
leaf_weight=18 14.999999999999998 17 15.000000000000002 13.999999999999998 12.000000000000002 13.000000000000002 18 41 10.999999999999998 12.000000000000002 72 20 14.999999999999998 10.999999999999998 10.999999999999998 19.000000000000004 24 23 9.9999999999999982 35 27 10.999999999999998 63 11.999999999999998 17 10.000000000000002 15.999999999999991 12.999999999999998 10.000000000000009 9.9999999999999982 12.999999999999998 11.999999999999998
leaf_count=18 15 17 15 14 12 13 18 41 11 12 72 20 15 11 11 19 24 23 10 35 27 11 63 12 17 10 16 13 10 10 13 12
internal_value=-4.82608e-06 0.0560965 0.0254421 -0.325594 -0.0169262 -0.00129268 0.0700196 -0.0735778 0.0868915 0.203407 0.128759 0.283504 0.351446 0.208095 -0.387682 -0.0831132 -0.00435305 -0.155889 0.240896 -0.230905 -0.135561 0.0145389 -0.175571 0.4785 0.422991 0.338125 -0.346194 -0.396618 -0.46611 0.324362 -0.271005 -0.3662
internal_weight=640 546 504 94 433 408 218 105 52 113 89 71 51 36 80 190 76 47 29 53 114 24 90 24 42 27 69 51 38 25 25 22
internal_count=640 546 504 94 433 408 218 105 52 113 89 71 51 36 80 190 76 47 29 53 114 24 90 24 42 27 69 51 38 25 25 22
is_linear=0
shrinkage=0.02


Tree=10
num_leaves=33
num_cat=0
split_feature=5 11 0 0 0 8 1 1 1 1 8 1 0 1 1 8 8 0 0 0 5 0 5 0 11 11 0 2 5 0 1 0
split_gain=28086.3 14747.8 13239.3 4984.42 4131.11 5719.11 10036.3 6376.48 8136.44 5562.72 8649.03 2010.66 5950.12 2673.47 1977.28 1885.22 6800.49 7725.52 3519.58 1732.51 1646.38 2398.57 2364.28 1400.18 1233.47 1803.06 1187.22 1727.16 1171.33 692.352 186.867 1.234
threshold=-1.2249434265317809 -1.3511554014363745 0.83004698462066484 1.6635231031672155 0.70074460983566533 0.83687740577478686 -0.14948439069807756 0.57896539304687489 1.1915168105925489 -0.40463063324586923 0.77740865205954857 0.24573053102091916 1.0362318525210696 -0.0049959717240706135 1.6999106591025681 1.0515243898597886 1.0813334493154221 1.0000000180025095e-35 0.13985187597100532 -1.1217199428772324 -0.37399401409535948 0.43165588393174742 -0.23595499236543577 -0.8648625226962201 -1.360598266837006 -1.3548585931580741 1.3420144955937032 1.8236726931525598 -1.4276336356542183 0.94711805368275892 -0.48183547270266919 1.3891923890963385
decision_type=2 2 2 2 2 2 2 2 2 2 2 2 2 2 2 2 2 2 2 2 2 2 2 2 2 2 2 2 2 2 2 2
left_child=3 24 4 14 5 6 9 19 -9 10 -3 12 13 29 26 20 18 -18 -17 -8 21 -7 -22 -11 -2 -26 -1 28 -28 -4 -6 -30
right_child=1 2 11 -5 30 15 7 8 -10 23 -12 -13 -14 -15 -16 16 17 -19 -20 -21 22 -23 -24 -25 25 -27 27 -29 31 -31 -32 -33
leaf_value=-0.19785141412724447 0.56105992108780822 0.016378482803374138 0.22925160698543315 0.028775484274465142 -0.20507033631821306 0.19751235921874294 -0.385437844418689 0.21477684720009202 -0.39551436828063419 0.31182975761161352 0.47992900215618983 0.10714012444908938 0.67802055586252774 -0.055476355037173707 -0.62964233570270711 0.39528624769280707 -0.4030698777827979 0.10895658722171536 -0.06717148879967115 -0.14357619792307882 -0.3283851109395608 -0.20207770442103482 -0.10464710714510994 0.62223120929781073 0.20401708837141069 0.5437411604777419 -0.58836573393448566 -0.18760573765703739 -0.38480137777800566 0.44726198630757852 -0.31945867421972846 -0.33431003854294455
leaf_weight=18 14.999999999999998 68 15.000000000000002 13.999999999999998 12.000000000000002 13.000000000000002 18 41 10.999999999999998 12.000000000000002 21 20 14.999999999999998 10.999999999999998 10.999999999999998 19.000000000000004 24 23 9.9999999999999982 35 27 10.999999999999998 63 11.999999999999998 17 10.000000000000002 15.999999999999991 12.999999999999998 10.000000000000009 9.9999999999999982 12.999999999999998 11.999999999999998
leaf_count=18 15 68 15 14 12 13 18 41 11 12 21 20 15 11 11 19 24 23 10 35 27 11 63 12 17 10 16 13 10 10 13 12
internal_value=-5.86594e-06 0.0549819 0.0249358 -0.319133 -0.0165914 -0.00126804 0.0686207 -0.0721202 0.0851462 0.199355 0.126183 0.277875 0.344469 0.203968 -0.379989 -0.0814554 -0.0042648 -0.152783 0.236101 -0.226308 -0.132858 0.0142469 -0.17207 0.46901 0.414596 0.33142 -0.339321 -0.388747 -0.456859 0.31793 -0.265628 -0.358943
internal_weight=640 546 504 94 433 408 218 105 52 113 89 71 51 36 80 190 76 47 29 53 114 24 90 24 42 27 69 51 38 25 25 22
internal_count=640 546 504 94 433 408 218 105 52 113 89 71 51 36 80 190 76 47 29 53 114 24 90 24 42 27 69 51 38 25 25 22
is_linear=0
shrinkage=0.02


Tree=11
num_leaves=31
num_cat=0
split_feature=5 11 0 0 0 8 1 1 0 1 1 0 0 0 0 1 0 1 1 0 0 11 11 0 2 5 0 0 1 0
split_gain=26982.8 14168.2 12718.6 4788.58 3968.87 5526.68 7890.24 6579.08 6986.81 6124.5 7816.39 2975.35 2960.17 5886.04 3990.3 1935.02 7415.81 2568.52 1899.79 1664.36 1345.14 1184.77 1732.5 1140.64 1659.24 1124.96 665.271 196.6 179.488 1.16678
threshold=-1.2249434265317809 -1.3511554014363745 0.83004698462066484 1.6635231031672155 0.70074460983566533 0.89713890345228464 -0.14948439069807756 -0.40463063324586923 -0.68663492501959922 0.57896539304687489 1.1915168105925489 -0.34066370600027646 -0.13447883809987191 1.0000000180025095e-35 -0.17466741404656097 0.18255709539784262 1.0362318525210696 -0.0049959717240706135 1.6999106591025681 -1.1217199428772324 -0.8648625226962201 -1.360598266837006 -1.3548585931580741 1.3420144955937032 1.8236726931525598 -1.4276336356542183 0.94711805368275892 1.1393242864712716 -0.48183547270266919 1.3891923890963385
decision_type=2 2 2 2 2 2 2 2 2 2 2 2 2 2 2 2 2 2 2 2 2 2 2 2 2 2 2 2 2 2
left_child=3 21 4 18 5 6 7 8 -3 19 -11 -7 14 -14 -13 16 17 26 23 -8 -9 -2 -23 -1 25 -25 -4 -17 -6 -27
right_child=1 2 15 -5 28 11 9 20 -10 10 -12 12 13 -15 -16 27 -18 -19 -20 -21 -22 22 -24 24 -26 29 -28 -29 -30 -31
leaf_value=-0.1939162356550522 0.54991305483887531 -0.2770564225298619 0.22469692508116457 0.028204057165916931 -0.2010028227498708 -0.34000905293470235 -0.37777166598409573 0.30564472233953544 0.16176604339781217 0.21049175977453119 -0.38767534066964915 -0.032256660936942058 -0.3950419391932824 -0.037363940793329262 0.40138992481403518 0.063814146577819308 0.77325049423974412 -0.05437681279740892 -0.61716294194126986 -0.14071285158141045 0.60988944396499767 0.19996060078604178 0.53297400748375601 -0.57667149484527802 -0.1838822808156487 -0.37718153887455963 0.43840533048799724 0.18161103738320841 -0.31311827899845501 -0.32767907560364273
leaf_weight=18 14.999999999999998 17 15.000000000000002 13.999999999999998 12.000000000000002 17 18 12.000000000000002 96 41 10.999999999999998 36 24 78 10.999999999999998 12.000000000000002 11.999999999999998 10.999999999999998 10.999999999999998 35 11.999999999999998 17 10.000000000000002 15.999999999999991 12.999999999999998 10.000000000000009 9.9999999999999982 10.999999999999998 12.999999999999998 11.999999999999998
leaf_count=18 15 17 15 14 12 17 18 12 96 41 11 36 24 78 11 12 12 11 11 35 12 17 10 16 13 10 10 11 13 12
internal_value=-5.081e-06 0.0538916 0.0244418 -0.3128 -0.0162606 -0.00124108 0.0597123 0.159643 0.0955531 -0.0706915 0.083436 -0.0900893 -0.0613593 -0.121838 0.0698506 0.272357 0.344586 0.199923 -0.372448 -0.221802 0.459708 0.406367 0.324847 -0.332585 -0.381032 -0.447792 0.311626 0.120737 -0.260358 -0.35183
internal_weight=640 546 504 94 433 408 242 137 113 105 52 166 149 102 47 71 48 36 80 53 24 42 27 69 51 38 25 23 25 22
internal_count=640 546 504 94 433 408 242 137 113 105 52 166 149 102 47 71 48 36 80 53 24 42 27 69 51 38 25 23 25 22
is_linear=0
shrinkage=0.02


Tree=12
num_leaves=31
num_cat=0
split_feature=5 11 0 0 0 8 8 1 1 1 0 1 0 1 8 8 0 0 5 0 5 0 11 1 11 11 11 0 1 0
split_gain=25922.4 13611.4 12219.3 4632.2 3812.91 5335.49 9384.4 4825.89 8438.4 5882.47 2590.99 1866.75 5506.72 2467.7 1838.07 6295.14 7211.83 3305.66 1533.63 2343.84 2289.72 1526.57 1753.96 1426.26 1137.99 1664.7 799.066 639.249 172.4 1.10226
threshold=-1.2249434265317809 -1.3511554014363745 0.83004698462066484 1.6897330440020126 0.70074460983566533 0.83687740577478686 0.77740865205954857 -0.14948439069807756 -0.40463063324586923 0.57896539304687489 0.48407576560134186 0.24573053102091916 1.0362318525210696 -0.0049959717240706135 1.0515243898597886 1.0813334493154221 1.0000000180025095e-35 0.13985187597100532 -0.37399401409535948 0.43165588393174742 -0.23595499236543577 1.3420144955937032 1.35607398909724 1.1471494580977128 -1.360598266837006 -1.3548585931580741 1.3510813095786542 0.94711805368275892 -0.48183547270266919 1.3891923890963385
decision_type=2 2 2 2 2 2 2 2 2 2 2 2 2 2 2 2 2 2 2 2 2 2 2 2 2 2 2 2 2 2
left_child=3 24 4 21 5 6 7 8 -3 -9 -8 12 13 27 18 17 -17 -16 19 -7 -20 -1 23 29 -2 -26 -25 -4 -6 -23
right_child=1 2 11 -5 28 14 10 9 -10 -11 -12 -13 -14 -15 15 16 -18 -19 20 -21 -22 22 -24 26 25 -27 -28 -29 -30 -31
leaf_value=-0.19005936174761523 0.53898761471375722 0.015011719463505236 0.22023276960612914 0.099382422135608037 -0.19701599160501776 0.19372581099735869 0.23059526802289598 -0.21738591295626655 0.45059066888207716 0.081760078947740858 0.67810609353555218 0.10244872292475914 0.65200631312187141 -0.05329906652639578 0.38307947508327617 -0.38717388548791654 0.10753094831070342 -0.065101493726862553 -0.32109712090439457 -0.20127872123374599 -0.10092349685693126 -0.36971262034803315 -0.23540995627797709 -0.71192348631301694 0.19598475891247127 0.52242006372697258 -0.47038959976853123 0.42972403649056312 -0.30690372219522494 -0.3211796708540483
leaf_weight=18 14.999999999999998 68 15.000000000000002 9.9999999999999982 12.000000000000002 13.000000000000002 10.000000000000002 53 24 52 10.999999999999998 20 14.999999999999998 10.999999999999998 19.000000000000004 24 23 9.9999999999999982 27 10.999999999999998 63 10.000000000000002 19 10.000000000000002 17 10.000000000000002 14.999999999999998 9.9999999999999982 12.999999999999998 11.999999999999998
leaf_count=18 15 68 15 10 12 13 10 53 24 52 11 20 15 11 19 24 23 10 27 11 63 10 19 10 17 10 15 10 13 12
internal_value=-5.5154e-06 0.0528214 0.0239562 -0.306592 -0.0159393 -0.00121782 0.0662863 0.0233335 0.129018 -0.0692911 0.467156 0.266957 0.331123 0.195959 -0.0786692 -0.00245247 -0.145349 0.228807 -0.129425 0.0125566 -0.16727 -0.354995 -0.399607 -0.465322 0.398302 0.318405 -0.569494 0.305447 -0.255193 -0.344858
internal_weight=640 546 504 94 433 408 218 197 92 105 21 71 51 36 190 76 47 29 114 24 90 84 66 47 42 27 25 25 25 22
internal_count=640 546 504 94 433 408 218 197 92 105 21 71 51 36 190 76 47 29 114 24 90 84 66 47 42 27 25 25 25 22
is_linear=0
shrinkage=0.02


Tree=13
num_leaves=27
num_cat=0
split_feature=5 11 0 0 1 0 1 8 8 1 0 1 1 8 11 11 0 2 1 5 0 0 0 0 0 0
split_gain=24904.2 13076.2 11738.6 4487.6 3814.88 5060.64 5420.92 5313.95 8709.06 1813.72 6897.07 2370.84 1807.21 1765.53 1093.06 1599.56 1050.89 1546.79 1041.24 927.423 905.646 1103.56 614.245 437.162 198.315 1.04033
threshold=-1.2249434265317809 -1.3511554014363745 0.83004698462066484 1.6635231031672155 1.1915168105925489 -1.2527696470512184 0.097180586550156892 0.83687740577478686 0.77740865205954857 0.18255709539784262 1.0362318525210696 -0.0049959717240706135 1.6999106591025681 1.0515243898597886 -1.360598266837006 -1.3548585931580741 1.3420144955937032 1.8236726931525598 1.1471494580977128 1.175887153935663 -1.3471254340564882 -1.3768300336692585 0.94711805368275892 -1.1112359665433136 1.1393242864712716 1.3891923890963385
decision_type=2 2 2 2 2 2 2 2 2 2 2 2 2 2 2 2 2 2 2 2 2 2 2 2 2 2
left_child=3 14 4 12 5 20 7 8 -7 10 11 22 16 -9 -2 -16 -1 18 25 23 21 -3 -4 -8 -11 -18
right_child=1 2 9 -5 -6 6 19 13 -10 24 -12 -13 -14 -15 15 -17 17 -19 -20 -21 -22 -23 -24 -25 -26 -27
leaf_value=-0.18627917853508205 0.52827925107336993 0.24311353155907164 0.21585727300075502 0.029588380705380272 -0.38161217148239546 0.021794730143783591 -0.11207169618692485 -0.12684418241148138 0.45789989019457195 0.057791281455804484 0.74498095740956716 -0.052242690292564599 -0.59687802374899923 -0.0024021494435574786 0.1920879873755382 0.51207511344758572 -0.3623915761060052 -0.17556045139108908 -0.55433572532227315 -0.43679802715188204 0.32410758490888231 -0.031204033275642008 0.42121463095787726 -0.29184523951899888 0.17598099098549233 -0.3148091626758418
leaf_weight=18 14.999999999999998 13.999999999999998 15.000000000000002 13.999999999999998 10.999999999999998 139 10.999999999999998 114 21 12.000000000000002 11.999999999999998 10.999999999999998 10.999999999999998 76 17 10.000000000000002 10.000000000000002 12.999999999999998 15.999999999999998 9.9999999999999982 15.999999999999998 10.000000000000002 9.9999999999999982 11.000000000000002 10.999999999999998 11.999999999999998
leaf_count=18 15 14 15 14 11 139 11 114 21 12 12 11 11 76 17 10 10 13 16 10 16 10 10 11 11 12
internal_value=-2.99217e-06 0.051776 0.0234838 -0.300508 -0.0156189 -0.00598829 -0.0284206 -0.00560237 0.07929 0.261656 0.331582 0.192073 -0.358252 -0.0771001 0.390396 0.312091 -0.319387 -0.36589 -0.430345 -0.277169 0.207752 0.129118 0.299391 -0.202918 0.114877 -0.338025
internal_weight=640 546 504 94 433 422 382 350 160 71 48 36 80 190 42 27 69 51 38 32 40 24 25 22 23 22
internal_count=640 546 504 94 433 422 382 350 160 71 48 36 80 190 42 27 69 51 38 32 40 24 25 22 23 22
is_linear=0
shrinkage=0.02


Tree=14
num_leaves=31
num_cat=0
split_feature=5 11 0 0 0 8 1 1 0 1 1 0 0 0 0 1 0 1 1 0 0 11 11 0 2 5 0 0 1 0
split_gain=23925.7 12562.2 11277.6 4311.29 3686.56 5013.28 7171.08 6089.94 6635.18 5482.72 7220.06 2819.11 2734.73 5487.59 3654.17 1742.44 6626.13 2277.78 1736.38 1547.93 1294.4 1049.91 1536.96 1009.66 1485.97 1000.02 590.218 190.523 165.535 0.980929
threshold=-1.2249434265317809 -1.3511554014363745 0.83004698462066484 1.6635231031672155 0.70074460983566533 0.89713890345228464 -0.14948439069807756 -0.40463063324586923 -0.68663492501959922 0.57896539304687489 1.1915168105925489 -0.34066370600027646 -0.13447883809987191 1.0000000180025095e-35 -0.17466741404656097 0.18255709539784262 1.0362318525210696 -0.0049959717240706135 1.6999106591025681 -1.1217199428772324 -0.8648625226962201 -1.360598266837006 -1.3548585931580741 1.3420144955937032 1.8236726931525598 -1.4276336356542183 0.94711805368275892 1.1393242864712716 -0.48183547270266919 1.3891923890963385
decision_type=2 2 2 2 2 2 2 2 2 2 2 2 2 2 2 2 2 2 2 2 2 2 2 2 2 2 2 2 2 2
left_child=3 21 4 18 5 6 7 8 -3 19 -11 -7 14 -14 -13 16 17 26 23 -8 -9 -2 -23 -1 25 -25 -4 -17 -6 -27
right_child=1 2 15 -5 28 11 9 20 -10 10 -12 12 13 -15 -16 27 -18 -19 -20 -21 -22 22 -24 24 -26 29 -28 -29 -30 -31
leaf_value=-0.18257417594530304 0.51778364838353841 -0.27227952513081283 0.21156872117756212 0.029000798962640423 -0.19354052535758526 -0.32871992484867918 -0.36047590972310267 0.29021271488883271 0.15535465986497943 0.20084563007029882 -0.37404867842390732 -0.029093110303799529 -0.37941469944364303 -0.034058516716987619 0.38588948327141837 0.056645009852637922 0.73020446430553099 -0.051207255586847529 -0.58504800830875436 -0.13188754334409011 0.58842282634628706 0.18826868946789296 0.50193502633878484 -0.54331786552571382 -0.17207604794101861 -0.35521549413699882 0.41287378594426827 0.17249309471061641 -0.30124505487107139 -0.30856499742870486
leaf_weight=18 14.999999999999998 17 15.000000000000002 13.999999999999998 12.000000000000002 17 18 12.000000000000002 96 41 10.999999999999998 36 24 78 10.999999999999998 12.000000000000002 11.999999999999998 10.999999999999998 10.999999999999998 35 11.999999999999998 17 10.000000000000002 15.999999999999991 12.999999999999998 10.000000000000009 9.9999999999999982 10.999999999999998 12.999999999999998 11.999999999999998
leaf_count=18 15 17 15 14 12 17 18 12 96 41 11 36 24 78 11 12 12 11 11 35 12 17 10 16 13 10 10 11 13 12
internal_value=-1.99597e-06 0.0507496 0.023019 -0.294545 -0.0153082 -0.000832693 0.0572203 0.152488 0.0908276 -0.0670985 0.0787297 -0.0854537 -0.05749 -0.115621 0.0686223 0.256468 0.325006 0.188264 -0.351143 -0.210073 0.441182 0.382648 0.305902 -0.313047 -0.358629 -0.421804 0.293455 0.112601 -0.250564 -0.331326
internal_weight=640 546 504 94 433 408 242 137 113 105 52 166 149 102 47 71 48 36 80 53 24 42 27 69 51 38 25 23 25 22
internal_count=640 546 504 94 433 408 242 137 113 105 52 166 149 102 47 71 48 36 80 53 24 42 27 69 51 38 25 23 25 22
is_linear=0
shrinkage=0.02


Tree=15
num_leaves=31
num_cat=0
split_feature=5 11 0 0 0 8 8 1 0 0 8 8 0 0 1 0 1 0 5 0 5 0 5 0 11 11 5 0 0 1
split_gain=22985.4 12068.5 10834.9 4165.34 3541.69 4823.95 8536.17 4450.33 3031.17 2491.89 1720.89 5827.46 6732.43 3105.6 1674.75 4909.79 2188.37 1437.4 1428.85 2288.93 2217.95 1082.62 1503.1 1276.95 1008.45 1476.82 662.994 567.13 311.957 158.997
threshold=-1.2249434265317809 -1.3511554014363745 0.83004698462066484 1.6897330440020126 0.70074460983566533 0.83687740577478686 0.77740865205954857 1.1915168105925489 -1.2527696470512184 0.48407576560134186 1.0515243898597886 1.0813334493154221 1.0000000180025095e-35 0.13985187597100532 0.24573053102091916 1.0362318525210696 -0.0049959717240706135 1.6163452096645807 -0.37399401409535948 0.43165588393174742 -0.23595499236543577 1.5604306692170133 -1.4276336356542183 1.2494060379774199 -1.360598266837006 -1.3548585931580741 -1.3891923890965083 0.94711805368275892 1.5097581169364054 -0.48183547270266919
decision_type=2 2 2 2 2 2 2 2 2 2 2 2 2 2 2 2 2 2 2 2 2 2 2 2 2 2 2 2 2 2
left_child=3 24 4 17 5 6 7 8 -3 -8 18 13 -13 -12 15 16 27 21 19 -7 -20 22 28 -24 -2 -26 -25 -4 -1 -6
right_child=1 2 14 -5 29 10 9 -9 -10 -11 11 12 -14 -15 -16 -17 -18 -19 20 -21 -22 -23 23 26 25 -27 -28 -29 -30 -31
leaf_value=-0.54770500286205415 0.50749656121462383 0.19961721240730948 0.20736536941780945 0.09625427548247989 -0.18970171037784286 0.19249597207280514 0.21388538322826417 -0.36663511327795079 0.0032895899198383278 0.65251158155836508 0.37131509700994836 -0.3718578947629177 0.10611568566524621 -0.063090355762160655 0.095570996934501676 0.6151511668527363 -0.050192328100805879 -0.53797322218083155 -0.31149270592580419 -0.19785449603656394 -0.094815164543747332 -0.11585953420346921 -0.44290805627633834 -0.30244471329302836 0.18452535158012343 0.49199570230918344 -0.10755670357865892 0.40469805311448503 -0.38056132547926197 -0.29526616263935584
leaf_weight=10.999999999999995 14.999999999999998 40 15.000000000000002 9.9999999999999982 12.000000000000002 13.000000000000002 10.000000000000002 10.999999999999998 146 10.999999999999998 19.000000000000004 24 23 9.9999999999999982 20 14.999999999999998 10.999999999999998 11.999999999999998 27 10.999999999999998 63 10.999999999999998 11.000000000000005 11.999999999999995 17 10.000000000000002 17.000000000000007 9.9999999999999982 9.9999999999999982 12.999999999999998
leaf_count=11 15 40 15 10 12 13 10 11 146 11 19 24 23 10 20 15 11 12 27 11 63 11 11 12 17 10 17 10 10 13
internal_value=-2.52185e-06 0.0497418 0.0225615 -0.2887 -0.0150058 -0.000817553 0.0633688 0.0224029 0.0456005 0.445693 -0.0744628 -0.00071744 -0.138206 0.221784 0.251382 0.312159 0.18453 -0.334599 -0.123574 0.0134652 -0.160103 -0.299991 -0.332934 -0.259778 0.375053 0.299835 -0.188997 0.287636 -0.470341 -0.245593
internal_weight=640 546 504 94 433 408 218 197 186 21 190 76 47 29 71 51 36 84 114 24 90 72 61 40 42 27 29 25 21 25
internal_count=640 546 504 94 433 408 218 197 186 21 190 76 47 29 71 51 36 84 114 24 90 72 61 40 42 27 29 25 21 25
is_linear=0
shrinkage=0.02


Tree=16
num_leaves=30
num_cat=0
split_feature=5 11 0 0 5 8 1 1 0 1 1 0 5 1 8 1 1 0 1 0 0 0 2 11 11 1 0 0 0
split_gain=22083.1 11594.1 10408.8 4037.5 3407.37 4319.27 6066.15 6474.48 5757.92 5212.11 6664.19 2696.31 2521.75 5348.21 3638.99 1640.54 1633.22 6162.83 2102.47 1487.03 1243.53 972.885 1401.17 968.632 1419.02 908.452 544.944 191.799 6.70566
threshold=-1.2249434265317809 -1.3511554014363745 0.83004698462066484 1.6635231031672155 -0.73569119761555202 0.89713890345228464 -0.14948439069807756 -0.40463063324586923 -0.68663492501959922 0.57896539304687489 1.1915168105925489 -0.34066370600027646 -0.23595499236543577 -0.93460903491994052 1.0865669536990346 1.6999106591025681 0.18255709539784262 1.0362318525210696 -0.0049959717240706135 -1.1217199428772324 -0.8648625226962201 1.3420144955937032 1.8236726931525598 -1.360598266837006 -1.3548585931580741 1.1471494580977128 0.94711805368275892 1.1393242864712716 1.3891923890963385
decision_type=2 2 2 2 2 2 2 2 2 2 2 2 2 2 2 2 2 2 2 2 2 2 2 2 2 2 2 2 2
left_child=3 23 4 15 -3 6 7 8 -6 19 -11 -7 13 -13 -14 21 17 18 26 -8 -9 -1 25 -2 -25 28 -4 -18 -23
right_child=1 2 16 -5 5 11 9 20 -10 10 -12 12 14 -15 -16 -17 27 -19 -20 -21 -22 22 -24 24 -26 -27 -28 -29 -30
leaf_value=-0.1727275218225974 0.4974138323202828 -0.29139758182547942 0.20324551989700618 0.030111928966873928 -0.26693118815533595 -0.32029875783195266 -0.35337165779830337 0.28439117244698775 0.12909821299608804 0.19295139081286689 -0.35936845178002708 -0.33694085036308319 0.075755637797709205 0.20008948713245961 -0.16531835069180786 -0.56507160633533926 0.051049419198154401 0.70351970798713115 -0.049197540111369918 -0.12932292250826147 0.57668641137682708 -0.34605169428457117 -0.16434066270143935 0.18085643730665507 0.48225321308811098 -0.52267109245987409 0.39668422562060968 0.16718010807896519 -0.29644581140565479
leaf_weight=18 14.999999999999998 17 15.000000000000002 13.999999999999998 17 17 18 12.000000000000002 104 41 10.999999999999998 28 73 9.9999999999999982 38 10.999999999999998 12.000000000000002 11.999999999999998 10.999999999999998 35 11.999999999999998 10.000000000000002 12.999999999999998 17 10.000000000000002 15.999999999999998 9.9999999999999982 10.999999999999998 11.999999999999998
leaf_count=18 15 17 15 14 17 17 18 12 104 41 11 28 73 10 38 11 12 12 11 35 12 10 13 17 10 16 10 11 12
internal_value=-2.57686e-06 0.0487556 0.0221148 -0.282976 -0.0147064 -0.0033296 0.0491751 0.132975 0.073275 -0.0665552 0.0756298 -0.0823909 -0.0550438 -0.195437 -0.00683971 -0.337748 0.246391 0.312745 0.180871 -0.205956 0.432367 -0.300729 -0.34546 0.367609 0.293889 -0.406801 0.281933 0.107117 -0.320503
internal_weight=640 546 504 94 433 416 250 145 121 105 52 166 149 38 111 80 71 48 36 53 24 69 51 42 27 38 25 23 22
internal_count=640 546 504 94 433 416 250 145 121 105 52 166 149 38 111 80 71 48 36 53 24 69 51 42 27 38 25 23 22
is_linear=0
shrinkage=0.02


Tree=17
num_leaves=32
num_cat=0
split_feature=5 11 0 0 0 8 8 3 3 3 0 8 8 0 0 5 3 0 10 5 0 5 0 2 11 11 2 0 0 3 0
split_gain=21215.3 11138.5 10000.2 3878.87 3317.82 4507.16 8121.97 4222.17 7518.46 5006.14 2394.55 1643.27 5475 6460.36 2983.42 1576.24 1569.03 5920.74 2019.95 1291.27 2194.72 2006.18 934.709 1346.08 930.384 1363.49 872.479 523.626 184.264 135.486 6.42548
threshold=-1.2249434265317809 -1.3511554014363745 0.83004698462066484 1.6635231031672155 0.70074460983566533 0.83687740577478686 0.77740865205954857 0.41962019611427182 0.21608575005829353 0.76364923075576641 0.48407576560134186 1.0515243898597886 1.0813334493154221 1.0000000180025095e-35 0.13985187597100532 -1.5953772569969271 0.60431968631814803 1.0362318525210696 -0.0065882811397389822 -0.37399401409535948 0.43165588393174742 -0.23595499236543577 1.3420144955937032 1.8236726931525598 -1.360598266837006 -1.3548585931580741 1.4655139806783843 0.94711805368275892 1.1393242864712716 0.13969774471319585 1.3891923890963385
decision_type=2 2 2 2 2 2 2 2 2 2 2 2 2 2 2 2 2 2 2 2 2 2 2 2 2 2 2 2 2 2 2
left_child=3 24 4 15 5 6 7 8 -3 -9 -8 19 14 -14 -13 -1 17 18 -4 20 -7 -21 -17 26 -2 -26 30 -20 -18 -6 -24
right_child=1 2 16 -5 29 11 10 9 -10 -11 -12 12 13 -15 -16 22 28 -19 27 21 -22 -23 23 -25 25 -27 -28 -29 -30 -31 -32
leaf_value=-0.55387199195655623 0.48753144162380146 0.012642540721641241 -0.048222453443853709 0.02951396198137432 -0.18571951716399387 0.18574089450690578 0.20709362823184169 -0.20185539204297545 0.42379169630806474 0.074110437611014282 0.63702019562592382 0.36242049696557799 -0.3619591819399125 0.10625100910921634 -0.063341146672126092 -0.16929205183166166 0.050036872438162794 0.68956560331927852 0.199207534790039 -0.29857188499281767 -0.19649176245337135 -0.092486505806918376 -0.33919918928996162 -0.16107893383229965 0.17726044210077027 0.4727036394931301 -0.51228260691861915 0.38882910747339233 0.16386663282239761 -0.28362246972003968 -0.29056587802477118
leaf_weight=10.999999999999998 14.999999999999998 68 10.999999999999998 13.999999999999998 12.000000000000002 13.000000000000002 10.000000000000002 53 24 52 10.999999999999998 19.000000000000004 24 23 9.9999999999999982 18 12.000000000000002 11.999999999999998 15.000000000000002 27 10.999999999999998 63 10.000000000000002 12.999999999999998 17 10.000000000000002 15.999999999999998 9.9999999999999982 10.999999999999998 12.999999999999998 11.999999999999998
leaf_count=11 15 68 11 14 12 13 10 53 24 52 11 19 24 23 10 18 12 12 15 27 11 63 10 13 17 10 16 10 11 13 12
internal_value=-3.01663e-06 0.0477875 0.0216754 -0.277361 -0.0144158 -0.00068327 0.0613596 0.0214001 0.120253 -0.0652366 0.434292 -0.0718694 0.000166464 -0.133075 0.215859 -0.331046 0.241506 0.306542 0.177284 -0.11986 0.010421 -0.154586 -0.294759 -0.338604 0.360313 0.288061 -0.398727 0.276343 0.104994 -0.237596 -0.314152
internal_weight=640 546 504 94 433 408 218 197 92 105 21 190 76 47 29 80 71 48 36 114 24 90 69 51 42 27 38 25 23 25 22
internal_count=640 546 504 94 433 408 218 197 92 105 21 190 76 47 29 80 71 48 36 114 24 90 69 51 42 27 38 25 23 25 22
is_linear=0
shrinkage=0.02


Tree=18
num_leaves=28
num_cat=0
split_feature=5 11 0 0 1 0 0 0 1 3 0 0 1 0 0 0 11 11 0 0 5 0 5 0 0 0 11
split_gain=20382.1 10700.5 9607.23 3745.59 3284.29 4233.63 4733.95 4507.95 3279.09 2447.36 1512.53 6283.78 1940.66 1357.19 1024.23 1369.18 899.331 1094.89 871.605 1060.62 838.368 777.634 786.529 510.197 503.141 233.146 232.899
threshold=-1.2249434265317809 -1.3511554014363745 0.83004698462066484 1.6897330440020126 1.1915168105925489 -1.2527696470512184 -1.0623107436516921 -0.50316533917601891 -0.14948439069807756 0.11524246077992961 1.0711784403007991 1.0362318525210696 -0.0049959717240706135 1.6163452096645807 1.5604306692170133 1.3420144955937032 -1.3609718868994969 -1.3548585931580741 -1.3471254340564882 -1.3768300336692585 1.175887153935663 1.3926870478743114 -1.4468542589330591 -1.1112359665433136 0.94711805368275892 1.1270929807483663 -1.3589136404172326
decision_type=2 2 2 2 2 2 2 2 2 2 2 2 2 2 2 2 2 2 2 2 2 2 2 2 2 2 2
left_child=3 16 4 13 5 18 20 8 -8 -9 11 12 24 14 15 -1 -2 26 19 -3 23 -17 -23 -7 -4 -12 -18
right_child=1 2 10 -5 -6 6 7 9 -10 -11 25 -13 -14 -15 -16 21 17 -19 -20 -21 -22 22 -24 -25 -26 -27 -28
leaf_value=-0.16592490970759097 0.50055952468194254 0.22502991926585528 0.19524977342971897 0.093167543316831691 -0.35371470958262946 -0.093397725509093657 0.17436255074452148 -0.032600132160800738 -0.098222165045800142 -0.28042246216221856 0.032498835478678781 0.71894343814334349 -0.047266696723731787 -0.51290093918477209 -0.10282412812516498 -0.49905074363059188 0.27395551667355067 0.46334317216778731 0.30439815322804892 -0.043804454236927581 -0.41282080225425188 -0.39534433791650603 -0.17799058037835189 -0.29172411758120687 0.38112948887418996 0.15929390413541322 0.13481482848082441
leaf_weight=18 11.999999999999998 13.999999999999998 15.000000000000002 9.9999999999999982 10.999999999999998 11.000000000000002 75 236 23 17 10.000000000000002 10.999999999999998 10.999999999999998 11.999999999999998 10.999999999999998 13.999999999999998 10.000000000000002 10.000000000000002 15.999999999999998 10.000000000000002 9.9999999999999982 17.999999999999996 11.000000000000005 10.000000000000002 9.9999999999999982 13.999999999999998 9.9999999999999982
leaf_count=18 12 14 15 10 11 11 75 236 23 17 10 11 11 12 11 14 10 10 16 10 10 18 11 10 10 14 10
internal_value=-2.39628e-08 0.0468426 0.021249 -0.271857 -0.014126 -0.00519008 -0.025708 -0.00474913 0.110343 -0.0493604 0.236717 0.302639 0.173768 -0.315383 -0.281784 -0.313818 0.353162 0.292703 0.190307 0.113257 -0.262206 -0.375175 -0.313829 -0.188821 0.270864 0.106858 0.205452
internal_weight=640 546 504 94 433 422 382 351 98 253 71 47 36 84 72 61 42 30 40 24 31 43 29 21 25 24 20
internal_count=640 546 504 94 433 422 382 351 98 253 71 47 36 84 72 61 42 30 40 24 31 43 29 21 25 24 20
is_linear=0
shrinkage=0.02


Tree=19
num_leaves=25
num_cat=0
split_feature=5 11 0 0 1 1 0 8 8 8 1 1 0 1 0 1 11 11 0 0 2 5 1 0
split_gain=19580.7 10280.8 9230.22 3632.98 3155.35 4075.84 4824 4394.48 7536.93 1578.43 1488.89 1456.6 4224.04 1864.49 1072.82 1159.38 864.681 1262.19 862.559 1288.69 568.53 1037.53 529.845 483.458
threshold=-1.2249434265317809 -1.3511554014363745 0.83004698462066484 1.6635231031672155 1.1915168105925489 0.57896539304687489 -1.0623107436516921 0.83687740577478686 0.77740865205954857 1.0515243898597886 1.6999106591025681 0.24573053102091916 1.0362318525210696 -0.0049959717240706135 -1.3086841874987858 0.92769751618284324 -1.360598266837006 -1.3548585931580741 1.3420144955937032 1.3926870478743114 1.8236726931525598 -1.4468542589330591 0.27996325682706186 0.94711805368275892
decision_type=2 2 2 2 2 2 2 2 2 2 2 2 2 2 2 2 2 2 2 2 2 2 2 2
left_child=3 16 4 10 5 6 22 8 -8 -9 18 12 13 23 15 -7 -2 -18 -1 -20 21 -21 -3 -4
right_child=1 2 11 -5 -6 14 7 9 -10 -11 -12 -13 -14 -15 -16 -17 17 -19 19 20 -22 -23 -24 -25
leaf_value=-0.16262475082228853 0.46880090044823702 -0.1632559732169159 0.19137064156942804 0.030516420120888569 -0.34670414228697077 -0.028512836014928888 0.01906481159916101 -0.11681878760235025 0.42457085939380229 0.00081514226936009503 -0.53494537490982186 0.086727392329505423 0.56973935335677195 -0.046329870653582052 0.36353098935419975 0.22205528409069117 0.16991628751420138 0.45416808118914598 -0.48914052942965897 -0.44067955687755855 -0.15360817756361636 -0.17446282824954462 -0.33729424629422178 0.37358240446241775
leaf_weight=18 14.999999999999998 12.000000000000002 15.000000000000002 13.999999999999998 10.999999999999998 12.000000000000002 140 114 21 76 10.999999999999998 20 14.999999999999998 10.999999999999998 9.9999999999999982 19 17 10.000000000000002 13.999999999999998 12.999999999999995 12.999999999999998 11.000000000000005 18 9.9999999999999982
leaf_count=18 15 12 15 14 11 12 140 114 21 76 11 20 15 11 10 19 17 10 14 13 13 11 18 10
internal_value=0 0.0459128 0.020826 -0.266458 -0.0138478 -0.00508902 -0.0254972 -0.00465556 0.0721938 -0.0697843 -0.318414 0.232024 0.288702 0.170322 0.184134 0.125249 0.346165 0.276519 -0.283156 -0.325276 -0.262095 -0.319935 -0.268486 0.265493
internal_weight=640 546 504 94 433 422 381 351 161 190 80 71 51 36 41 31 42 27 69 51 37 24 30 25
internal_count=640 546 504 94 433 422 381 351 161 190 80 71 51 36 41 31 42 27 69 51 37 24 30 25
is_linear=0
shrinkage=0.02


Tree=20
num_leaves=32
num_cat=0
split_feature=5 11 0 0 0 8 1 1 0 1 1 0 5 1 8 1 0 0 1 0 0 11 11 0 0 2 5 0 0 11 1
split_gain=18811.5 9876.67 8867.16 3490.25 3098.72 4176.57 6095.63 5365.47 6107.81 4484.18 5914.21 2554.94 2313.7 4957.94 3429.15 1430.53 1424.5 5859.78 1791.31 1329.05 1197.27 835.212 1013.06 828.714 1237.92 546.181 996.686 464.544 238.335 218.117 120.836
threshold=-1.2249434265317809 -1.3511554014363745 0.83004698462066484 1.6635231031672155 0.70074460983566533 0.89713890345228464 -0.14948439069807756 -0.40463063324586923 -0.68663492501959922 0.57896539304687489 1.1915168105925489 -0.34066370600027646 -0.23595499236543577 -0.93460903491994052 1.0865669536990346 1.6999106591025681 1.0711784403007991 1.0362318525210696 -0.0049959717240706135 -1.1217199428772324 -0.8648625226962201 -1.3609718868994969 -1.3548585931580741 1.3420144955937032 1.3926870478743114 1.8236726931525598 -1.4468542589330591 0.94711805368275892 1.1270929807483663 -1.3589136404172326 -0.48183547270266919
decision_type=2 2 2 2 2 2 2 2 2 2 2 2 2 2 2 2 2 2 2 2 2 2 2 2 2 2 2 2 2 2 2
left_child=3 21 4 15 5 6 7 8 -3 19 -11 -7 13 -13 -14 23 17 18 27 -8 -9 -2 29 -1 -25 26 -26 -4 -18 -23 -6
right_child=1 2 16 -5 30 11 9 20 -10 10 -12 12 14 -15 -16 -17 28 -19 -20 -21 -22 22 -24 24 25 -27 -28 -29 -30 -31 -32
leaf_value=-0.15939023897792751 0.48133253529791009 -0.26572106677189206 0.18756856738336822 0.029910420627458724 -0.18012885803033496 -0.30912043248003684 -0.33058563696086729 0.26650799012381177 0.14456075513276054 0.18047856400482848 -0.33983251760671807 -0.32164279197882928 0.075429614741564135 0.1954080623211247 -0.1585904623329483 -0.52434286890803161 0.026312090052236416 0.69340198826145483 -0.045411619109076422 -0.11879587075649163 0.55300563201431407 0.26339040268728925 0.44517463495235621 -0.47942710288027501 -0.43193324769726249 -0.15055948060887461 -0.17100501739227011 0.36618472153081166 0.15440835912176906 0.12878053355925156 -0.27280605578240547
leaf_weight=18 11.999999999999998 17 15.000000000000002 13.999999999999998 12.000000000000002 17 18 12.000000000000002 96 41 10.999999999999998 28 73 9.9999999999999982 38 10.999999999999998 10.000000000000002 10.999999999999998 10.999999999999998 35 11.999999999999998 10.000000000000002 10.000000000000002 13.999999999999998 12.999999999999995 12.999999999999998 11.000000000000005 9.9999999999999982 13.999999999999998 9.9999999999999982 12.999999999999998
leaf_count=18 12 17 15 14 12 17 18 12 96 41 11 28 73 10 38 11 10 11 11 35 12 10 10 14 13 13 11 10 14 10 13
internal_value=0 0.0450032 0.0204144 -0.261171 -0.0135706 -0.000299255 0.052688 0.140522 0.0826477 -0.0619297 0.0699526 -0.077537 -0.0509184 -0.185395 -0.004747 -0.312096 0.227417 0.291389 0.166944 -0.19123 0.411499 0.339295 0.281036 -0.277535 -0.318821 -0.256895 -0.313588 0.260229 0.101407 0.197111 -0.229256
internal_weight=640 546 504 94 433 408 242 137 113 105 52 166 149 38 111 80 71 47 36 53 24 42 30 69 51 37 24 25 24 20 25
internal_count=640 546 504 94 433 408 242 137 113 105 52 166 149 38 111 80 71 47 36 53 24 42 30 69 51 37 24 25 24 20 25
is_linear=0
shrinkage=0.02


Tree=21
num_leaves=33
num_cat=0
split_feature=0 11 0 0 0 1 1 1 0 1 1 8 8 0 0 1 0 0 11 0 8 0 0 0 0 11 11 11 1 12 8 1
split_gain=17324.9 9533.81 8236.97 3231.22 2976.93 4011.94 6854.84 4429.52 6750.02 4306.98 5681.57 1614.87 5143.66 6199.36 2866.02 1592.47 2989.37 1585.4 1410.41 1276.77 1168.88 1150.2 1124.12 1684.07 1125.67 883.464 803.601 1168.41 687.419 536.07 232.983 116.058
threshold=1.2162067795866769 -1.3511554014363745 0.83004698462066484 1.6897330440020126 0.70074460983566533 -0.84608920813213717 -0.14948439069807756 -0.40463063324586923 -0.68663492501959922 0.57896539304687489 1.1915168105925489 1.0515243898597886 1.0813334493154221 1.0000000180025095e-35 0.13985187597100532 0.29290775818130416 1.0624417933558667 1.3420144955937032 1.35607398909724 -1.1217199428772324 -1.1474808114625137 -0.8648625226962201 0.34603674387140998 0.23944965114323466 0.41068793126390968 1.3510813095786542 -1.360598266837006 -1.3548585931580741 -0.1848332404038848 -0.042316829203851304 -0.050143027253651259 -0.48183547270266919
decision_type=2 2 2 2 2 2 2 2 2 2 2 2 2 2 2 2 2 2 2 2 2 2 2 2 2 2 2 2 2 2 2 2
left_child=1 26 4 17 5 11 7 8 -7 19 -11 22 14 -14 -13 16 28 -2 20 -8 25 -9 23 -3 -24 -19 -1 -28 -4 30 -30 -6
right_child=3 2 15 -5 31 6 9 21 -10 10 -12 12 13 -15 -16 -17 -18 18 -20 -21 -22 -23 24 -25 -26 -27 27 -29 29 -31 -32 -33
leaf_value=0.45079007935839771 -0.12709625024446017 -0.10159706845183687 0.32757848481874208 0.090126065358076948 -0.17655605867874521 -0.26043773532785169 -0.32401043507275662 0.26122188540529606 0.17884671237295555 0.17687777519226075 -0.33309710167549755 0.35434170288565264 -0.35173516863114607 0.10691313538200412 -0.062951136721242779 0.037335878586926996 0.54830336444634054 -0.63624751723638862 -0.1884093314065983 -0.116426720143723 -0.28554283608138825 0.54203691317030223 0.11780346160239359 -0.30882528829348593 -0.1451516769346127 -0.38628942604885985 0.16287520679116946 0.43635930014128721 0.13143001002234386 0.021810346924432417 0.26398434888135203 -0.26739159096288317
leaf_weight=14.999999999999998 19 62 10.999999999999998 9.9999999999999982 12.000000000000002 17 18 12.000000000000002 77 41 10.999999999999998 19.000000000000004 24 23 9.9999999999999982 14.999999999999998 11.999999999999998 9.9999999999999982 19 35 22.000000000000004 11.999999999999998 14.000000000000002 21 11.999999999999998 14.999999999999998 17 10.000000000000002 10.999999999999995 10.000000000000005 10.999999999999998 12.999999999999998
leaf_count=15 19 62 11 10 12 17 18 12 77 41 11 19 24 23 10 15 12 10 19 35 22 12 14 21 12 15 17 10 11 10 11 13
internal_value=0 0.0434569 0.0192527 -0.24909 -0.0133034 -0.000295375 0.0568138 0.161355 0.0991987 -0.0607028 0.068547 -0.069134 0.00162938 -0.127519 0.210691 0.220382 0.270127 -0.289068 -0.335419 -0.187423 -0.394301 0.403337 -0.118439 -0.154349 -0.00361328 -0.488449 0.332573 0.265439 0.191381 0.143657 0.198647 -0.224707
internal_weight=640 545 503 95 433 408 223 118 94 105 52 185 76 47 29 70 55 85 66 53 47 24 109 83 26 25 42 27 43 32 22 25
internal_count=640 545 503 95 433 408 223 118 94 105 52 185 76 47 29 70 55 85 66 53 47 24 109 83 26 25 42 27 43 32 22 25
is_linear=0
shrinkage=0.02


Tree=22
num_leaves=32
num_cat=0
split_feature=5 11 0 0 0 8 1 1 0 1 1 0 5 1 8 0 0 1 1 0 0 11 11 0 0 2 1 0 0 11 1
split_gain=17376.8 9115.17 8195.31 3275.1 2859.95 3880.57 5643.47 4941.09 5648.64 4136.78 5458.09 2437.84 2169.15 4660.48 3204.06 1363.13 5595.63 1725.81 1361.46 1226.55 1104.99 775.651 937.333 757.145 1201.02 495.798 950.19 460.423 260.938 204.294 111.468
threshold=-1.2249434265317809 -1.3511554014363745 0.83004698462066484 1.6635231031672155 0.70074460983566533 0.89713890345228464 -0.14948439069807756 -0.40463063324586923 -0.68663492501959922 0.57896539304687489 1.1915168105925489 -0.34066370600027646 -0.23595499236543577 -0.93460903491994052 1.0865669536990346 1.0711784403007991 1.0362318525210696 -0.0049959717240706135 1.6999106591025681 -1.1217199428772324 -0.8648625226962201 -1.3609718868994969 -1.3548585931580741 1.3420144955937032 1.3926870478743114 1.8236726931525598 1.208196783493622 0.94711805368275892 1.1270929807483663 -1.3589136404172326 -0.48183547270266919
decision_type=2 2 2 2 2 2 2 2 2 2 2 2 2 2 2 2 2 2 2 2 2 2 2 2 2 2 2 2 2 2 2
left_child=3 21 4 18 5 6 7 8 -3 19 -11 -7 13 -13 -14 16 17 27 23 -8 -9 -2 29 -1 -25 26 -26 -4 -17 -23 -6
right_child=1 2 15 -5 30 11 9 20 -10 10 -12 12 14 -15 -16 28 -18 -19 -20 -21 -22 22 -24 24 25 -27 -28 -29 -30 -31 -32
leaf_value=-0.15369214874604786 0.46284414413546726 -0.25525943965939746 0.17895382794323342 0.0309388745084722 -0.1730541216637477 -0.3009541198663544 -0.3175660438432219 0.25604063589710824 0.13929891296591648 0.17334883274533161 -0.3264951778102565 -0.31104768702143876 0.073464882034609658 0.19024725281366028 -0.15274443483102354 0.016957198416832645 0.67404947057500619 -0.048788353688008074 -0.50736389881855726 -0.11410481512716353 0.53128578792918812 0.25323912120101466 0.42771853588595238 -0.46423621509092072 -0.16006061614096698 -0.1438318430194418 -0.41469196064781599 0.35658343418990029 0.15083393367469733 0.12300517543707745 -0.26208458958691316
leaf_weight=18 11.999999999999998 17 15.000000000000002 13.999999999999998 12.000000000000002 17 18 12.000000000000002 96 41 10.999999999999998 28 73 9.9999999999999982 38 10.000000000000002 10.999999999999998 10.999999999999998 10.999999999999998 35 11.999999999999998 10.000000000000002 10.000000000000002 13.999999999999998 11.000000000000002 12.999999999999998 12.999999999999998 9.9999999999999982 13.999999999999998 9.9999999999999982 12.999999999999998
leaf_count=18 12 17 15 14 12 17 18 12 96 41 11 28 73 10 38 10 11 11 11 35 12 10 10 14 11 13 13 10 14 10 13
internal_value=0 0.0432533 0.0196314 -0.251014 -0.0130407 -0.000290819 0.0507842 0.135298 0.0797585 -0.0595003 0.0671697 -0.0747414 -0.0487406 -0.178949 -0.00403492 0.218637 0.281212 0.159616 -0.300345 -0.183692 0.395338 0.325972 0.269835 -0.266641 -0.306107 -0.245157 -0.299176 0.251183 0.0953953 0.189108 -0.22025
internal_weight=640 546 504 94 433 408 242 137 113 105 52 166 149 38 111 71 47 36 80 53 24 42 30 69 51 37 24 25 24 20 25
internal_count=640 546 504 94 433 408 242 137 113 105 52 166 149 38 111 71 47 36 80 53 24 42 30 69 51 37 24 25 24 20 25
is_linear=0
shrinkage=0.02


Tree=23
num_leaves=31
num_cat=0
split_feature=5 11 0 0 0 8 8 1 0 0 8 8 0 0 0 0 1 1 5 0 5 11 11 0 5 2 0 0 1 1
split_gain=16694 8757.69 7873.7 3146.44 2747.54 3748.69 7178.95 3374.23 2345.58 2275.5 1447.17 4832.69 5948.96 2753.27 1309.63 5376.03 1658.07 1308.09 1055.9 2085.89 1659.66 746.82 1081.59 736.842 1720.24 1250.85 442.408 250.665 212.608 107.06
threshold=-1.2249434265317809 -1.3511554014363745 0.83004698462066484 1.6635231031672155 0.70074460983566533 0.83687740577478686 0.77740865205954857 1.1915168105925489 0.48407576560134186 -1.2527696470512184 1.0515243898597886 1.0813334493154221 1.0000000180025095e-35 0.13985187597100532 1.0711784403007991 1.0362318525210696 -0.0049959717240706135 1.6999106591025681 -0.37399401409535948 0.43165588393174742 -0.23595499236543577 -1.360598266837006 -1.3548585931580741 1.2494060379774199 -1.3891923890965083 1.6150518233777837 0.94711805368275892 1.1270929807483663 1.5422661353867813 -0.48183547270266919
decision_type=2 2 2 2 2 2 2 2 2 2 2 2 2 2 2 2 2 2 2 2 2 2 2 2 2 2 2 2 2 2
left_child=3 21 4 17 5 6 7 9 -8 -3 18 13 -13 -12 15 16 26 23 19 -7 -20 -2 -23 -1 25 -25 -4 -16 -27 -6
right_child=1 2 14 -5 29 10 8 -9 -10 -11 11 12 -14 -15 27 -17 -18 -19 20 -21 -22 22 -24 24 -26 28 -28 -29 -30 -31
leaf_value=-0.41211488775304844 0.43347127533906349 0.17237192030262172 0.17539844838199231 0.030324494855623718 -0.16962164366540827 0.17849905137797342 0.18238001757329048 -0.32002410751205307 0.60745503743489582 0.002267518098594227 0.34583036657403271 -0.34243833292569359 0.10684653784805562 -0.063159321877035768 0.016621418188113971 0.66068991926876286 -0.047821370674683172 -0.49730804237159526 -0.27261151164220265 -0.1941363707533828 -0.085159330836566613 0.15612479122061476 0.41924885419335683 -0.41533513206747641 -0.062375205385754653 -0.2536324182286992 0.34952236369104667 0.14783862661808095 -0.12381198845287361 -0.25688291535122704
leaf_weight=10.999999999999998 14.999999999999998 40 15.000000000000002 13.999999999999998 12.000000000000002 13.000000000000002 10.000000000000002 10.999999999999998 10.999999999999998 146 19.000000000000004 24 23 9.9999999999999982 10.000000000000002 10.999999999999998 10.999999999999998 10.999999999999998 27 10.999999999999998 63 17 10.000000000000002 19.999999999999993 17.000000000000007 11.000000000000002 9.9999999999999982 13.999999999999998 9.9999999999999982 12.999999999999998
leaf_count=11 15 40 15 14 12 13 10 11 11 146 19 24 23 10 10 11 11 11 27 11 63 17 10 20 17 11 10 14 10 13
internal_value=0 0.0423947 0.0192406 -0.246033 -0.0127839 -0.000287037 0.0562949 0.0187272 0.406909 0.0389274 -0.0652081 0.00238951 -0.122794 0.205033 0.214303 0.275638 0.156451 -0.294385 -0.110245 0.00756945 -0.141646 0.319515 0.254802 -0.261348 -0.232077 -0.302094 0.246203 0.0935021 -0.19274 -0.21588
internal_weight=640 546 504 94 433 408 218 197 21 186 190 76 47 29 71 47 36 80 114 24 90 42 27 69 58 41 25 24 21 25
internal_count=640 546 504 94 433 408 218 197 21 186 190 76 47 29 71 47 36 80 114 24 90 42 27 69 58 41 25 24 21 25
is_linear=0
shrinkage=0.02


Tree=24
num_leaves=31
num_cat=0
split_feature=5 11 2 1 5 8 1 1 2 5 8 2 5 1 8 1 1 2 1 1 2 1 8 1 5 2 5 3 2 4
split_gain=16038.1 8432.18 7816.27 3030.02 2550.49 3022.51 5739.25 5243.84 4921.37 2901.68 4367.34 2330.72 2027.15 4320.84 2990.18 1304.31 1258.24 5165.05 1592.99 1224.87 1061.56 1053.66 978.418 935.79 1225.6 1392.04 620.27 425.096 240.795 232.667
threshold=-1.2249434265317809 -1.3473314505182985 0.29247856804331446 2.0471602989817979 -0.73569119761555202 0.89713890345228464 -0.14948439069807756 -0.40463063324586923 -0.15689084408679158 1.2038444241594288 -1.0392432612662794 -0.014311883797800323 -0.23595499236543577 -0.93460903491994052 1.0865669536990346 0.27996325682706186 0.16202913168831087 0.56381852172336144 -0.0049959717240706135 1.7739950203499697 -0.31907543844460023 1.8425292430632043 -1.4830689986963128 1.5604048281482947 -1.4276336356542183 0.98410647128598971 -1.3891923890965083 0.4430757338207203 0.72392800041296013 1.5847395999329652
decision_type=2 2 2 2 2 2 2 2 2 2 2 2 2 2 2 2 2 2 2 2 2 2 2 2 2 2 2 2 2 2
left_child=3 21 4 19 -3 6 7 8 -6 15 -11 -7 13 -13 -14 -8 17 18 27 23 -9 22 -2 24 29 -26 -27 -4 -18 -1
right_child=1 2 16 -5 5 11 9 20 -10 10 -12 12 14 -15 -16 -17 28 -19 -20 -21 -22 -23 -24 -25 25 26 -28 -29 -30 -31
leaf_value=-0.46977089065689243 0.44135634507184257 -0.25584974339133815 0.17191370774578571 0.087128252935881681 -0.25022920165842732 -0.29327699979146316 -0.11187443893519561 0.2509171638804033 0.11589806317281083 -0.30243809880437078 0.15779318643136186 -0.29973712320429574 0.071416716572361025 0.18294534626573622 -0.14711197915665433 -0.32563658898336839 0.016292272605518295 0.64759517163843727 -0.046873564891987025 -0.46775198566026921 0.52070291566454674 0.14071690366757628 0.23294994470164254 -0.077653074178609768 -0.40394684508040113 -0.24909003994681628 -0.061134992231402452 0.34260113796385205 0.14490280854786541 -0.32552373942762314
leaf_weight=10.999999999999995 18.999999999999996 17 15.000000000000002 9.9999999999999982 17 17 35 12.000000000000002 104 10.999999999999998 32 28 73 9.9999999999999982 38 17 10.000000000000002 10.999999999999998 10.999999999999998 11.999999999999998 11.999999999999998 14.999999999999998 18.000000000000004 10.999999999999998 11.000000000000005 11.999999999999995 17.000000000000007 9.9999999999999982 13.999999999999998 9.9999999999999982
leaf_count=11 19 17 15 10 17 17 35 12 104 11 32 28 73 10 38 17 10 11 11 12 12 15 18 11 11 12 17 10 14 10
internal_value=5.15953e-08 0.0415551 0.0160274 -0.24115 -0.0165794 -0.0064977 0.0388779 0.118013 0.0642863 -0.0818936 0.0396079 -0.0720909 -0.0466685 -0.172542 -0.00345098 -0.182268 0.210054 0.270174 0.153348 -0.2803 0.387452 0.283553 0.340898 -0.248438 -0.279042 -0.213097 -0.139533 0.241321 0.0916465 -0.402997
internal_weight=640 546 494 94 423 406 240 145 121 95 43 166 149 38 111 52 71 47 36 84 24 52 37 72 61 40 29 25 24 21
internal_count=640 546 494 94 423 406 240 145 121 95 43 166 149 38 111 52 71 47 36 84 24 52 37 72 61 40 29 25 24 21
is_linear=0
shrinkage=0.02


Tree=25
num_leaves=31
num_cat=0
split_feature=5 11 0 0 0 8 1 1 0 1 8 0 5 1 8 1 1 0 0 0 1 1 0 0 1 5 6 5 8 1
split_gain=15408.4 8100.09 7509.46 2948.49 2474.96 3155.59 6169.25 4581.36 5190.69 2787.53 4295.04 2239.01 1946.98 4150.76 2872.02 1234.58 1223.46 2881.53 1134.84 1019.83 1012.1 939.827 737.345 1224.02 700.044 526.405 427.364 913.951 295.583 90.2741
threshold=-1.2249434265317809 -1.3473314505182985 0.83004698462066484 1.6635231031672155 0.70074460983566533 0.89713890345228464 -0.14948439069807756 -0.40463063324586923 -0.68663492501959922 0.57896539304687489 -1.0392432612662794 -0.34066370600027646 -0.23595499236543577 -0.93460903491994052 1.0865669536990346 1.6999106591025681 0.29290775818130416 1.0624417933558667 -1.1217199428772324 -0.8648625226962201 1.8425292430632043 1.4538647057324809 1.3420144955937032 1.3926870478743114 -0.1848332404038848 -0.97682265329569939 1.5428470567727202 -1.4468542589330591 -0.050143027253651259 -0.48183547270266919
decision_type=2 2 2 2 2 2 2 2 2 2 2 2 2 2 2 2 2 2 2 2 2 2 2 2 2 2 2 2 2 2
left_child=3 20 4 15 5 6 7 8 -3 18 -11 -7 13 -13 -14 22 17 24 -8 -9 21 -2 -1 -24 -4 28 27 -25 -26 -6
right_child=1 2 16 -5 29 11 9 19 -10 10 -12 12 14 -15 -16 -17 -18 -19 -20 -21 -22 -23 23 26 25 -27 -28 -29 -30 -31
leaf_value=-0.13976098550617366 0.22831669665173271 -0.24525388501540957 0.31065545188951066 0.03114035004419638 -0.16609820444721815 -0.2874457732418127 -0.30535234293226377 0.24594029268942583 0.1329710964413513 -0.29644382442439998 0.16184506229265708 -0.2937637137645504 0.069990336857481308 0.17932266801890762 -0.14417746061415185 -0.48028938396556958 0.051488277127283703 0.52366212214320162 -0.10964334775919249 0.51037489946223491 0.13792120725113827 0.43257542450390563 -0.44949563658829278 -0.39197056668405322 0.10485677874303083 0.0047501260927408015 -0.13449189455454588 -0.14252658697935902 0.2530036987699904 -0.2467065289912333
leaf_weight=18 18 17 10.999999999999998 13.999999999999998 12.000000000000002 17 18 12.000000000000002 96 10.999999999999998 31 28 73 9.9999999999999982 38 10.999999999999998 15.999999999999998 11.999999999999998 35 11.999999999999998 14.999999999999998 19 13.999999999999998 12.999999999999995 10.999999999999995 10.000000000000005 12.999999999999998 11.000000000000005 10.999999999999998 12.999999999999998
leaf_count=18 18 17 11 14 12 17 18 12 96 11 31 28 73 10 38 11 16 12 35 12 15 19 14 13 11 10 13 11 11 13
internal_value=0 0.0407293 0.0157092 -0.23637 -0.0162511 -0.00409998 0.0435269 0.129373 0.0758946 -0.0802682 0.0413742 -0.070655 -0.0457376 -0.169097 -0.00338315 -0.283177 0.20589 0.250614 -0.176579 0.379768 0.277914 0.334117 -0.251089 -0.290012 0.173353 0.125303 -0.22859 -0.278749 0.179785 -0.20887
internal_weight=640 546 494 94 423 398 232 137 113 95 42 166 149 38 111 80 71 55 53 24 52 37 69 51 43 32 37 24 22 25
internal_count=640 546 494 94 423 398 232 137 113 95 42 166 149 38 111 80 71 55 53 24 52 37 69 51 43 32 37 24 22 25
is_linear=0
shrinkage=0.02


Tree=26
num_leaves=27
num_cat=0
split_feature=5 11 0 0 1 0 0 0 0 3 0 0 1 1 0 0 5 0 0 0 0 1 0 6 5 0
split_gain=14802.8 7790.3 6985.21 2832.66 2534.09 3153.55 3664.74 3651.55 5506.75 1987.33 1211.08 4934.09 1534.85 1186.19 806.953 1042.94 762.185 708.408 1175.81 669.175 598.127 457.385 421.602 410.561 877.976 260.072
threshold=-1.2249434265317809 -1.3511554014363745 0.83004698462066484 1.6635231031672155 1.1915168105925489 -1.2527696470512184 -1.0623107436516921 -0.62547839640507241 -0.68663492501959922 0.11524246077992961 1.0711784403007991 1.0362318525210696 -0.0049959717240706135 1.6999106591025681 -1.3471254340564882 -1.3768300336692585 1.175887153935663 1.3420144955937032 1.3926870478743114 -1.5742782546247307 -1.1112359665433136 1.8866975036406384 0.94711805368275892 1.5428470567727202 -1.4468542589330591 1.1270929807483663
decision_type=2 2 2 2 2 2 2 2 2 2 2 2 2 2 2 2 2 2 2 2 2 2 2 2 2 2
left_child=3 19 4 13 5 14 16 8 -8 -9 11 12 22 17 15 -3 20 -1 -19 21 -7 -2 -4 24 -20 -12
right_child=1 2 10 -5 -6 6 7 9 -10 -11 25 -13 -14 -15 -16 -17 -18 18 23 -21 -22 -23 -24 -25 -26 -27
leaf_value=-0.1369812029633074 0.14666002208039958 0.20135227663297181 0.16394693302397695 0.030521965973766139 -0.3103752663758424 -0.057479441187403203 0.045046326768193715 -0.023567801752394365 0.5104144012829489 -0.24623451631668711 0.0074701048596070531 0.6296632882254618 -0.04989130810574368 -0.47077011967564486 0.27420433316911963 -0.06510509207697196 -0.37346985023800694 -0.44056947883984721 -0.38419098209788793 0.38970004333875563 -0.2714556575057529 0.3284779469801648 0.3337565303084874 -0.13182258926275123 -0.13970173492087967 0.14100288255840329
leaf_weight=18 13.000000000000002 13.999999999999998 15.000000000000002 13.999999999999998 10.999999999999998 11.000000000000002 64 258 11.999999999999998 17 10.000000000000002 10.999999999999998 10.999999999999998 10.999999999999998 15.999999999999998 10.000000000000002 9.9999999999999982 13.999999999999998 12.999999999999995 19 10.000000000000002 9.9999999999999982 9.9999999999999982 12.999999999999998 11.000000000000005 13.999999999999998
leaf_count=18 13 14 15 14 11 11 64 258 12 17 10 11 11 11 16 10 10 14 13 19 10 10 10 13 11 14
internal_value=-2.9487e-08 0.0399195 0.0180815 -0.23168 -0.012082 -0.00423253 -0.0219412 -0.00350036 0.119113 -0.0374208 0.201809 0.260786 0.146613 -0.277558 0.164494 0.0904774 -0.230025 -0.246105 -0.284256 0.301286 -0.160224 0.226834 0.23297 -0.224056 -0.27322 0.0856676
internal_weight=640 546 504 94 433 422 382 351 76 275 71 47 36 80 40 24 31 69 51 42 21 23 25 37 24 24
internal_count=640 546 504 94 433 422 382 351 76 275 71 47 36 80 40 24 31 69 51 42 21 23 25 37 24 24
is_linear=0
shrinkage=0.02


end of trees

feature_importances:
Column_0=307
Column_1=170
Column_11=100
Column_5=73
Column_8=73
Column_2=23
Column_3=12
Column_10=4
Column_6=2
Column_4=1
Column_12=1

parameters:
[boosting: gbdt]
[objective: regression]
[metric: l2]
[tree_learner: serial]
[device_type: cpu]
[data_sample_strategy: goss]
[data: ]
[valid: ]
[num_iterations: 3000]
[learning_rate: 0.02]
[num_leaves: 63]
[num_threads: -1]
[seed: 42]
[deterministic: 0]
[force_col_wise: 0]
[force_row_wise: 0]
[histogram_pool_size: -1]
[max_depth: 8]
[min_data_in_leaf: 10]
[min_sum_hessian_in_leaf: 0.001]
[bagging_fraction: 1]
[pos_bagging_fraction: 1]
[neg_bagging_fraction: 1]
[bagging_freq: 0]
[bagging_seed: 400]
[bagging_by_query: 0]
[feature_fraction: 0.9]
[feature_fraction_bynode: 1]
[feature_fraction_seed: 30056]
[extra_trees: 0]
[extra_seed: 12879]
[early_stopping_round: 100]
[early_stopping_min_delta: 0]
[first_metric_only: 0]
[max_delta_step: 0]
[lambda_l1: 0.05]
[lambda_l2: 0.1]
[linear_lambda: 0]
[min_gain_to_split: 0]
[drop_rate: 0.1]
[max_drop: 50]
[skip_drop: 0.5]
[xgboost_dart_mode: 0]
[uniform_drop: 0]
[drop_seed: 17869]
[top_rate: 0.3]
[other_rate: 0.1]
[min_data_per_group: 100]
[max_cat_threshold: 32]
[cat_l2: 10]
[cat_smooth: 10]
[max_cat_to_onehot: 4]
[top_k: 20]
[monotone_constraints: ]
[monotone_constraints_method: basic]
[monotone_penalty: 0]
[feature_contri: ]
[forcedsplits_filename: ]
[refit_decay_rate: 0.9]
[cegb_tradeoff: 1]
[cegb_penalty_split: 0]
[cegb_penalty_feature_lazy: ]
[cegb_penalty_feature_coupled: ]
[path_smooth: 0]
[interaction_constraints: ]
[verbosity: -1]
[saved_feature_importance_type: 0]
[use_quantized_grad: 0]
[num_grad_quant_bins: 4]
[quant_train_renew_leaf: 0]
[stochastic_rounding: 1]
[linear_tree: 0]
[max_bin: 255]
[max_bin_by_feature: ]
[min_data_in_bin: 3]
[bin_construct_sample_cnt: 200000]
[data_random_seed: 175]
[is_enable_sparse: 1]
[enable_bundle: 1]
[use_missing: 1]
[zero_as_missing: 0]
[feature_pre_filter: 1]
[pre_partition: 0]
[two_round: 0]
[header: 0]
[label_column: ]
[weight_column: ]
[group_column: ]
[ignore_column: ]
[categorical_feature: ]
[forcedbins_filename: ]
[precise_float_parser: 0]
[parser_config_file: ]
[objective_seed: 16083]
[num_class: 1]
[is_unbalance: 0]
[scale_pos_weight: 1]
[sigmoid: 1]
[boost_from_average: 1]
[reg_sqrt: 0]
[alpha: 0.9]
[fair_c: 1]
[poisson_max_delta_step: 0.7]
[tweedie_variance_power: 1.5]
[lambdarank_truncation_level: 30]
[lambdarank_norm: 1]
[label_gain: ]
[lambdarank_position_bias_regularization: 0]
[eval_at: ]
[multi_error_top_k: 1]
[auc_mu_weights: ]
[num_machines: 1]
[local_listen_port: 12400]
[time_out: 120]
[machine_list_filename: ]
[machines: ]
[gpu_platform_id: -1]
[gpu_device_id: -1]
[gpu_use_dp: 0]
[num_gpu: 1]

end of parameters

pandas_categorical:null
