tree
version=v4
num_class=1
num_tree_per_iteration=1
label_index=0
max_feature_idx=12
objective=regression
feature_names=Column_0 Column_1 Column_2 Column_3 Column_4 Column_5 Column_6 Column_7 Column_8 Column_9 Column_10 Column_11 Column_12
feature_infos=[-1.7319852791450747:1.6582062362904098] [-1.1234817762440903:2.2467088943212961] [-2.6523058582261392:2.3706674090822131] [-3.1792741561505937:1.068719047076516] [-1.8657360766520281:1.7783420573149566] [-1.6582062362907646:1.7319852791447354] [-1.7223872378535385:1.6673366472584792] [-1.7285697277965117:1.6554820334162856] [-2.2446432259406857:1.1241457512913406] [-1.6440298239949089:1.5876038561538808] [-2.1942886405921005:1.1403546342708086] [-1.3618491642188735:1.3454120986421017] [-2.0266012926181616:1.1945177185132769]
tree_sizes=3228 3349 3362 3341 3355 3351 3331 3349 3336 3237 3325 3239 3332 3352 3328 3332 3370 3240 3361 3480 3432 3481 3319 3497 3583 3371

Tree=0
num_leaves=34
num_cat=0
split_feature=0 1 0 1 0 0 0 8 8 0 1 1 0 5 0 1 0 1 1 1 0 1 0 0 0 1 1 0 1 1 5 1 0
split_gain=15420.2 16229 14247.8 13277.7 28620 21501.9 11286.2 3701.79 12799.6 3048.67 2808.56 11466.8 7232.92 7021.22 4080.42 2280.28 2746.89 2678.91 2513.79 2182.74 2174.69 5792.92 2102.36 1568.19 2389.34 1318.54 944.673 2159.51 774.115 959.328 705.617 594.773 650.835
threshold=1.192054902918031 1.4521809015154281 0.79540249561207932 0.67303894806186471 -1.0081793905995986 -1.6319746294397277 0.44621276952222427 0.50032453421413803 0.6035531545765126 1.4768309902146117 -0.57817666292503656 -0.45517098891215274 -0.29962936387358236 0.24538629962628963 -0.54541824874265499 0.12238316539900553 0.93101015622949868 0.32894095353386293 -0.27392937223727987 0.52683727505251243 1.3005410314119665 0.6538249607711687 -0.93359517726001806 -1.3353328718391231 -1.5573904161001473 -0.77779359184051766 1.4739236651744319 -1.4438190003330582 0.32894095353386293 0.14965148377840615 -1.6327797999250018 1.1556063738219942 1.3547840956589343
decision_type=2 2 2 2 2 2 2 2 2 2 2 2 2 2 2 2 2 2 2 2 2 2 2 2 2 2 2 2 2 2 2 2 2
left_child=2 9 3 4 19 -5 10 -8 -9 20 12 -12 14 -14 -6 16 18 -17 -4 28 21 -2 -13 24 -7 -10 27 -26 29 -1 -3 32 -22
right_child=1 30 15 5 6 23 7 8 25 -11 11 22 13 -15 -16 17 -18 -19 -20 -21 31 -23 -24 -25 26 -27 -28 -29 -30 -31 -32 -33 -34
leaf_value=418.9926159510282 419.4603734628663 419.69259531842602 420.07854260214589 419.27242819556392 419.714181578823 419.86917008727613 419.09844932306993 420.07376120299347 419.44398783001964 418.94871621849512 420.29950860473679 419.43828317782112 419.73796368831449 420.28525767635591 419.40754879222948 419.59515375027479 420.27046180996678 420.00126363666345 419.67891891111242 419.38177915060817 419.36133915784512 418.83622558275857 419.76897159945912 419.82645268906163 419.89456279834718 419.21794939472903 420.32548798738139 420.23197555037694 418.93881625335638 419.26084823242581 419.90060696322257 419.29250115489174 419.54882853844151
leaf_weight=10.000000000000002 13.000000000000002 10.000000000000002 17 19 29 17 10.999999999999998 11.999999999999998 21.999999999999996 9.9999999999999982 15.999999999999998 11.999999999999995 132 9.9999999999999982 43 12.000000000000002 14.999999999999998 13.999999999999998 10.000000000000002 11.999999999999998 14.000000000000002 10.999999999999998 21.000000000000004 12.999999999999998 12.999999999999995 20.000000000000004 9.9999999999999982 19.000000000000004 12.999999999999998 12.999999999999998 19 11.999999999999998 15.999999999999998
leaf_count=10 13 10 17 19 29 17 11 12 22 10 16 12 132 10 43 12 15 14 10 12 14 11 21 13 13 20 10 19 13 13 19 12 16
internal_value=419.649 419.427 419.692 419.653 419.6 419.869 419.667 419.431 419.5 419.274 419.725 419.862 419.694 419.777 419.531 419.962 420.054 419.814 419.931 419.145 419.324 419.172 419.648 420.027 420.071 419.336 420.152 420.096 419.067 419.142 419.829 419.412 419.461
internal_weight=640 105 535 467 376 91 328 65 54 76 263 49 214 142 72 68 42 26 27 48 66 24 33 72 59 42 42 32 36 23 29 42 30
internal_count=640 105 535 467 376 91 328 65 54 76 263 49 214 142 72 68 42 26 27 48 66 24 33 72 59 42 42 32 36 23 29 42 30
is_linear=0
shrinkage=1


Tree=1
num_leaves=34
num_cat=0
split_feature=0 1 0 1 0 0 0 8 8 0 1 1 0 5 0 1 0 1 1 1 0 1 0 0 0 1 1 0 8 0 5 1 0
split_gain=14814.8 15591.4 13687.3 12756 27496 20655.6 10841.7 3556.83 12296.2 2929.26 2697.91 11015.7 6947.36 6746.3 3919.25 2190.51 2638.83 2573.6 2414.76 2097 2089.39 5565.62 2019.69 1506.46 2295.45 1266.57 907.902 2074.24 744.535 1632.49 677.774 571.424 625.237
threshold=1.192054902918031 1.4521809015154281 0.79540249561207932 0.67303894806186471 -1.0081793905995986 -1.6319746294397277 0.44621276952222427 0.50032453421413803 0.6035531545765126 1.4768309902146117 -0.57817666292503656 -0.45517098891215274 -0.29962936387358236 0.24538629962628963 -0.54541824874265499 0.12238316539900553 0.93101015622949868 0.32894095353386293 -0.27392937223727987 0.52683727505251243 1.3005410314119665 0.6538249607711687 -0.93359517726001806 -1.3353328718391231 -1.5573904161001473 -0.77779359184051766 1.4739236651744319 -1.4438190003330582 -0.35250560208098297 -1.1047998487895101 -1.6327797999250018 1.1556063738219942 1.3547840956589343
decision_type=2 2 2 2 2 2 2 2 2 2 2 2 2 2 2 2 2 2 2 2 2 2 2 2 2 2 2 2 2 2 2 2 2
left_child=2 9 3 4 19 -5 10 -8 -9 20 12 -12 14 -14 -6 16 18 -17 -4 28 21 -2 -13 24 -7 -10 27 -26 -1 -30 -3 32 -22
right_child=1 30 15 5 6 23 7 8 25 -11 11 22 13 -15 -16 17 -18 -19 -20 -21 31 -23 -24 -25 26 -27 -28 -29 29 -31 -32 -33 -34
leaf_value=-0.7226645350692299 -0.18462688315005701 0.042987959833428395 0.42125790392446233 -0.36882388948770095 0.064138330430099644 0.21604835591121024 -0.53938293920980918 0.4165921096171229 -0.20067457673776204 -0.68616083968984021 0.63783516759457803 -0.20628139979583179 0.087441644688545081 0.62391443974900951 -0.2363774660070645 -0.052522295388308424 0.60937080029620239 0.34552424302337864 0.029582367698744959 -0.2616646832868087 -0.28169250726699824 -0.79640947152902419 0.11783943719773493 0.17418663403460088 0.24094496020833961 -0.42221657548970831 0.66334814753272753 0.57163298761657388 -0.30397167090142124 -0.63493878606868792 0.24685707112257391 -0.34917186500612368 -0.097924563173921939
leaf_weight=9.9999999999999947 13.000000000000002 10.000000000000002 17 19 29 17 10.999999999999998 11.999999999999998 21.999999999999996 9.9999999999999982 15.999999999999998 11.999999999999995 132 9.9999999999999982 43 12.000000000000002 14.999999999999998 13.999999999999998 10.000000000000002 11.999999999999998 14.000000000000002 10.999999999999998 21.000000000000004 12.999999999999998 12.999999999999995 20.000000000000004 9.9999999999999982 19.000000000000004 9.9999999999999982 16.000000000000007 19 11.999999999999998 15.999999999999998
leaf_count=10 13 10 17 19 29 17 11 12 22 10 16 12 132 10 43 12 15 14 10 12 14 11 21 13 13 20 10 19 10 16 19 12 16
internal_value=-1.28381e-06 -0.217091 0.0426358 0.00400616 -0.0474258 0.216346 0.0180519 -0.213039 -0.145669 -0.367509 0.0752288 0.208952 0.0445219 0.125641 -0.115401 0.307521 0.396812 0.162275 0.276874 -0.493985 -0.318248 -0.46721 -0.000259602 0.371077 0.414075 -0.306947 0.493501 0.438491 -0.570458 -0.509334 0.176981 -0.232195 -0.184367
internal_weight=640 105 535 467 376 91 328 65 54 76 263 49 214 142 72 68 42 26 27 48 66 24 33 72 59 42 42 32 36 26 29 42 30
internal_count=640 105 535 467 376 91 328 65 54 76 263 49 214 142 72 68 42 26 27 48 66 24 33 72 59 42 42 32 36 26 29 42 30
is_linear=0
shrinkage=0.02


Tree=2
num_leaves=34
num_cat=0
split_feature=2 1 2 1 2 1 2 8 8 1 1 1 2 5 1 1 1 1 1 1 1 1 2 2 1 1 1 2 1 1 5 1 1
split_gain=14233.2 14978.7 13148.9 12254.9 26416 19842.7 10414.7 3417.55 11812.6 2814.52 2591.62 10582.3 6673.08 6482.15 3764.45 2104.28 2535.02 2481.58 2319.64 2014.57 2007.44 5347.23 1940.26 1447.16 2205.26 1216.65 872.562 1992.34 731.962 898.324 651.029 548.99 600.645
threshold=0.89528345244191165 1.4521809015154281 0.28206110187303857 0.67303894806186471 -0.50471064911628793 1.8702121530450395 0.068738645692105929 0.50032453421413803 0.6035531545765126 1.3311567506458089 -0.57817666292503656 -0.45517098891215274 0.0090902259592246914 0.24538629962628963 -0.77779359184051766 0.12238316539900553 -0.14425190584653189 0.35607764383332763 -0.27392937223727987 0.52683727505251243 0.77678648974436804 0.6538249607711687 -0.39605503057138652 -1.2031084067474509 1.6014873347106866 -0.77779359184051766 1.4739236651744319 -1.5268620747006898 0.32894095353386293 0.14965148377840615 -1.6327797999250018 1.1556063738219942 0.93860493458949279
decision_type=2 2 2 2 2 2 2 2 2 2 2 2 2 2 2 2 2 2 2 2 2 2 2 2 2 2 2 2 2 2 2 2 2
left_child=2 9 3 4 19 23 10 -8 -9 20 12 -12 14 -14 -6 16 18 -17 -4 28 21 -2 -13 24 26 -10 27 -5 29 -1 -3 32 -22
right_child=1 30 15 5 6 -7 7 8 25 -11 11 22 13 -15 -16 17 -18 -19 -20 -21 31 -23 -24 -25 -26 -27 -28 -29 -30 -31 -32 -33 -34
leaf_value=-0.63055733916783074 -0.18096253227641562 0.042136715803996153 0.41288200555489069 0.23616283642426708 -0.23166092496460383 -0.36148601472065706 -0.52869246663273994 0.40832912382015518 -0.19667924967286815 -0.67257350028298879 0.62515767606889239 -0.20218987378207129 0.085694128705370534 0.61155970205174814 0.062859953441161062 0.0040187567805651542 0.59726410758416382 0.40450780453068191 0.028996596383576337 -0.25647463869457399 -0.27609861355301329 -0.78062477661682683 0.11549383086615826 0.17072949347605232 0.21175264414290934 -0.41381426540773297 0.65021251519127643 0.56026018696929758 -0.68340728002650142 -0.37112728240835757 0.24194577222095107 -0.34224614567007899 -0.095978253872498226
leaf_weight=10.000000000000002 13.000000000000002 10.000000000000002 17 12.999999999999995 43 19 10.999999999999998 11.999999999999998 21.999999999999996 9.9999999999999982 15.999999999999998 11.999999999999995 132 9.9999999999999982 29 16.000000000000004 14.999999999999998 9.9999999999999982 10.000000000000002 11.999999999999998 14.000000000000002 10.999999999999998 21.000000000000004 12.999999999999998 17 20.000000000000004 9.9999999999999982 19.000000000000004 12.999999999999998 12.999999999999998 19 11.999999999999998 15.999999999999998
leaf_count=10 13 10 17 13 43 19 11 12 22 10 16 12 132 10 29 16 15 10 10 12 14 11 21 13 17 20 10 19 13 13 19 12 16
internal_value=-3.84413e-06 -0.21279 0.041788 0.00392567 -0.0464858 0.212053 0.017693 -0.208802 -0.142763 -0.360223 0.0737326 0.204796 0.0436366 0.123138 -0.113098 0.301411 0.388927 0.159051 0.271371 -0.484187 -0.311936 -0.457948 -0.000259143 0.363708 0.405851 -0.300838 0.483702 0.429773 -0.559142 -0.486208 0.173462 -0.227587 -0.180706
internal_weight=640 105 535 467 376 91 328 65 54 76 263 49 214 142 72 68 42 26 27 48 66 24 33 72 59 42 42 32 36 23 29 42 30
internal_count=640 105 535 467 376 91 328 65 54 76 263 49 214 142 72 68 42 26 27 48 66 24 33 72 59 42 42 32 36 23 29 42 30
is_linear=0
shrinkage=0.02


Tree=3
num_leaves=34
num_cat=0
split_feature=0 1 0 1 0 0 0 8 8 0 1 1 0 5 0 1 1 0 1 0 1 0 0 0 1 1 0 1 1 5 1 1 0
split_gain=13674.5 14390.2 12632 11773.5 25378.6 19061.7 10004.5 3283.72 11348 2704.28 2489.52 10166 6409.62 6228.34 3615.77 2062.69 2950.84 2716.93 1935.43 1928.7 5137.41 1863.96 1390.19 2118.61 1168.7 838.596 1913.67 703.031 863.176 625.34 546.025 527.437 577.021
threshold=1.192054902918031 1.4521809015154281 0.79540249561207932 0.67303894806186471 -1.0081793905995986 -1.6319746294397277 0.44621276952222427 0.50032453421413803 0.6035531545765126 1.4768309902146117 -0.57817666292503656 -0.45517098891215274 -0.29962936387358236 0.24538629962628963 -0.54541824874265499 -0.014034288174968539 -0.19175487388753545 1.1106903065475795 0.52683727505251243 1.3005410314119665 0.6538249607711687 -0.93359517726001806 -1.3353328718391231 -1.5573904161001473 -0.77779359184051766 1.4739236651744319 -1.4438190003330582 0.32894095353386293 0.14965148377840615 -1.6327797999250018 -0.32609331399294578 1.1556063738219942 1.3547840956589343
decision_type=2 2 2 2 2 2 2 2 2 2 2 2 2 2 2 2 2 2 2 2 2 2 2 2 2 2 2 2 2 2 2 2 2
left_child=2 9 3 4 18 -5 10 -8 -9 19 12 -12 14 -14 -6 16 30 -17 27 20 -2 -13 23 -7 -10 26 -25 28 -1 -3 -4 32 -21
right_child=1 29 15 5 6 22 7 8 24 -11 11 21 13 -15 -16 17 -18 -19 -20 31 -22 -23 -24 25 -26 -27 -28 -29 -30 -31 -32 -33 -34
leaf_value=-0.61807106641259502 -0.17737091763328955 0.041302317817612434 0.38181911373926591 -0.35429417395466906 0.061607085028055196 0.20754236639591683 -0.51821385581214152 0.40023004232359327 -0.19276346702920907 -0.6592552053102172 0.61273220393968664 -0.19817949286669745 0.08398154504004976 0.59944960943543091 -0.227038457061741 -0.030295113612574042 0.69195725271017239 0.33622003695103508 -0.25138754600335744 -0.2706158135968742 -0.765152907500396 0.11319490254207808 0.16734098034050629 0.2314756356304839 -0.40557916242684883 0.63733703325290492 0.54911364330671208 -0.66984349491032025 -0.36376141304733189 0.23713220246799327 0.19183964940427822 -0.33545778454827868 -0.09407061025222635
leaf_weight=10.000000000000002 13.000000000000002 10.000000000000002 11.999999999999998 19 29 17 10.999999999999998 11.999999999999998 21.999999999999996 9.9999999999999982 15.999999999999998 11.999999999999995 132 9.9999999999999982 43 13.999999999999998 9.9999999999999982 19 11.999999999999998 14.000000000000002 10.999999999999998 21.000000000000004 12.999999999999998 12.999999999999995 20.000000000000004 9.9999999999999982 19.000000000000004 12.999999999999998 12.999999999999998 19 13.000000000000002 11.999999999999998 15.999999999999998
leaf_count=10 13 10 12 19 29 17 11 12 22 10 16 12 132 10 43 14 10 19 12 14 11 21 13 13 20 10 19 13 13 19 13 12 16
internal_value=-6.03087e-06 -0.208574 0.0409573 0.00384657 -0.0455647 0.207844 0.0173412 -0.204648 -0.139916 -0.353081 0.0722662 0.200722 0.0427689 0.120685 -0.11084 0.295426 0.40239 0.181077 -0.474585 -0.305749 -0.44887 -0.000258593 0.356486 0.397792 -0.294851 0.474098 0.421227 -0.548054 -0.476571 0.170013 0.284228 -0.22307 -0.177117
internal_weight=640 105 535 467 376 91 328 65 54 76 263 49 214 142 72 68 35 33 48 66 24 33 72 59 42 42 32 36 23 29 25 42 30
internal_count=640 105 535 467 376 91 328 65 54 76 263 49 214 142 72 68 35 33 48 66 24 33 72 59 42 42 32 36 23 29 25 42 30
is_linear=0
shrinkage=0.02


Tree=4
num_leaves=34
num_cat=0
split_feature=0 3 0 3 0 0 0 8 8 0 3 3 0 5 0 3 0 3 8 3 0 3 0 0 0 5 3 0 3 3 5 3 0
split_gain=13137.8 13824.7 12135.8 11310.9 24381.9 18311.5 9610.47 3155.13 10901.7 2598.35 2391.44 9766.07 6156.57 5984.47 3472.96 1989.32 2424.07 2348.48 2220.74 1859.39 1853.04 4935.83 1790.65 1335.46 2035.36 967.98 805.951 1838.1 675.241 829.402 600.663 506.729 554.325
threshold=1.192054902918031 0.95632925143257841 0.79540249561207932 0.77435934691183406 -1.0081793905995986 -1.6319746294397277 0.44621276952222427 0.50032453421413803 0.6035531545765126 1.4768309902146117 0.047347280795151943 0.18060689275484804 -0.29962936387358236 0.24538629962628963 -0.54541824874265499 0.56488245507356261 0.93101015622949868 0.65494452424343141 0.2733569898884653 0.7275497170528441 1.3005410314119665 0.76850025367029662 -0.93359517726001806 -1.3353328718391231 -1.5573904161001473 -0.5852106216554197 0.96018891515676597 -1.4438190003330582 0.65494452424343141 0.57776084508258163 -1.6327797999250018 0.89798252166775183 1.3547840956589343
decision_type=2 2 2 2 2 2 2 2 2 2 2 2 2 2 2 2 2 2 2 2 2 2 2 2 2 2 2 2 2 2 2 2 2
left_child=2 9 3 4 19 -5 10 -8 -9 20 12 -12 14 -14 -6 16 18 -17 -4 28 21 -2 -13 24 -7 -10 27 -26 29 -1 -3 32 -22
right_child=1 30 15 5 6 23 7 8 25 -11 11 22 13 -15 -16 17 -18 -19 -20 -21 31 -23 -24 -25 26 -27 -28 -29 -30 -31 -32 -33 -34
leaf_value=-0.60583201719982771 -0.17385056211748193 0.040484445779630437 0.022642931041150983 -0.34724536436390502 0.060379183464443563 0.20341579197443019 -0.50794297759597362 0.39229159268465907 -0.4000672937888467 -0.64620064145267608 0.60055368251682062 -0.1942486545960766 0.082303187237103545 0.58757931822597398 -0.22250818937636582 -0.053988403544938265 0.57834682363548029 0.32622556358364457 0.39819192190616448 -0.24640134417321072 -0.26524186795484928 -0.74998771942413611 0.11094171194103655 0.16401971889816166 0.22688145976030197 -0.20431320969989186 0.62471650345490715 0.53818886312514691 -0.65654886143808144 -0.35654172294012459 0.23241439659558041 -0.32880408558963742 -0.092200882368206241
leaf_weight=10.000000000000002 13.000000000000002 10.000000000000002 10.000000000000002 19 29 17 10.999999999999998 11.999999999999998 17.999999999999996 9.9999999999999982 15.999999999999998 11.999999999999995 132 9.9999999999999982 43 12.000000000000002 14.999999999999998 13.999999999999998 17 11.999999999999998 14.000000000000002 10.999999999999998 21.000000000000004 12.999999999999998 12.999999999999995 24.000000000000004 9.9999999999999982 19.000000000000004 12.999999999999998 12.999999999999998 19 11.999999999999998 15.999999999999998
leaf_count=10 13 10 10 19 29 17 11 12 18 10 16 12 132 10 43 12 15 14 17 12 14 11 21 13 13 24 10 19 13 13 19 12 16
internal_value=-7.70926e-06 -0.204441 0.0401436 0.00376907 -0.0446619 0.20372 0.0169964 -0.200578 -0.137125 -0.346082 0.070829 0.196729 0.0419184 0.118282 -0.108628 0.289564 0.374651 0.151169 0.259733 -0.465174 -0.299685 -0.439971 -0.000257964 0.349407 0.389892 -0.288983 0.464684 0.412852 -0.537185 -0.467126 0.166633 -0.218643 -0.173599
internal_weight=640 105 535 467 376 91 328 65 54 76 263 49 214 142 72 68 42 26 27 48 66 24 33 72 59 42 42 32 36 23 29 42 30
internal_count=640 105 535 467 376 91 328 65 54 76 263 49 214 142 72 68 42 26 27 48 66 24 33 72 59 42 42 32 36 23 29 42 30
is_linear=0
shrinkage=0.02


Tree=5
num_leaves=34
num_cat=0
split_feature=0 1 0 1 0 0 0 8 8 0 1 1 0 5 0 1 1 0 1 0 1 0 0 0 1 1 0 8 0 5 1 1 0
split_gain=12622 13281.5 11658.5 10866.6 23424.4 17590.9 9232.01 3031.57 10472.9 2496.58 2297.22 9381.87 5913.5 5750.15 3335.79 1949.57 2783.36 2620.63 1786.34 1780.36 4742.15 1720.23 1282.89 1955.38 1085.34 774.576 1765.52 649.48 1534.23 576.961 498.851 486.834 532.521
threshold=1.192054902918031 1.4521809015154281 0.79540249561207932 0.67303894806186471 -1.0081793905995986 -1.6319746294397277 0.44621276952222427 0.50032453421413803 0.6035531545765126 1.4768309902146117 -0.57817666292503656 -0.45517098891215274 -0.29962936387358236 0.24538629962628963 -0.54541824874265499 -0.014034288174968539 -0.19175487388753545 1.1106903065475795 0.52683727505251243 1.3005410314119665 0.6538249607711687 -0.93359517726001806 -1.3353328718391231 -1.5573904161001473 -0.77779359184051766 1.4739236651744319 -1.4438190003330582 -0.35250560208098297 -1.1047998487895101 -1.6327797999250018 -0.32609331399294578 1.1556063738219942 1.3547840956589343
decision_type=2 2 2 2 2 2 2 2 2 2 2 2 2 2 2 2 2 2 2 2 2 2 2 2 2 2 2 2 2 2 2 2 2
left_child=2 9 3 4 18 -5 10 -8 -9 19 12 -12 14 -14 -6 16 30 -17 27 20 -2 -13 23 -7 -10 26 -25 -1 -29 -3 -4 32 -21
right_child=1 29 15 5 6 22 7 8 24 -11 11 21 13 -15 -16 17 -18 -19 -20 31 -22 -23 -24 25 -26 -27 -28 28 -30 -31 -32 -33 -34
leaf_value=-0.66855632517597485 -0.17040008836120138 0.039682772041547403 0.36634781136000449 -0.34033682204041804 0.059175751758195283 0.19937127049206291 -0.49787561090142879 0.38451058758191831 -0.18485787633317627 -0.63340461173860152 0.58861719356560549 -0.19039579070304058 0.080658365085123182 0.57594408696240718 -0.21806838172079515 -0.034899897372468992 0.66900352383604145 0.32503115077293354 -0.2415140564973689 -0.25997466214159692 -0.73512308739327092 0.10873340595389992 0.16076434051717514 0.2223784760846437 -0.38993594060489778 0.61234587291679765 0.52748143630502098 -0.27088429151195109 -0.5911472309598268 0.2277904322759019 0.18471595432922125 -0.32228235291548013 -0.090368317048881
leaf_weight=9.9999999999999947 13.000000000000002 10.000000000000002 11.999999999999998 19 29 17 10.999999999999998 11.999999999999998 21.999999999999996 9.9999999999999982 15.999999999999998 11.999999999999995 132 9.9999999999999982 43 13.999999999999998 9.9999999999999982 19 11.999999999999998 14.000000000000002 10.999999999999998 21.000000000000004 12.999999999999998 12.999999999999995 20.000000000000004 9.9999999999999982 19.000000000000004 9.9999999999999982 16.000000000000007 19 13.000000000000002 11.999999999999998 15.999999999999998
leaf_count=10 13 10 12 19 29 17 11 12 22 10 16 12 132 10 43 14 10 19 12 14 11 21 13 13 20 10 19 10 16 19 13 12 16
internal_value=-1.02228e-05 -0.200391 0.0393451 0.00369304 -0.0437771 0.199677 0.0166583 -0.196589 -0.13439 -0.339221 0.0694204 0.192815 0.0410849 0.115925 -0.10646 0.283811 0.387793 0.172659 -0.455949 -0.293741 -0.431249 -0.000257227 0.342469 0.382149 -0.283232 0.455457 0.404643 -0.526532 -0.469517 0.163319 0.273051 -0.214304 -0.170152
internal_weight=640 105 535 467 376 91 328 65 54 76 263 49 214 142 72 68 35 33 48 66 24 33 72 59 42 42 32 36 26 29 25 42 30
internal_count=640 105 535 467 376 91 328 65 54 76 263 49 214 142 72 68 35 33 48 66 24 33 72 59 42 42 32 36 26 29 25 42 30
is_linear=0
shrinkage=0.02


Tree=6
num_leaves=34
num_cat=0
split_feature=0 1 0 1 0 0 0 8 8 0 1 1 0 0 0 1 0 0 1 1 0 1 0 0 0 1 1 0 1 1 8 0 0
split_gain=12126.6 12759.7 11200.5 10439.7 22504.3 16898.5 8868.41 2912.85 10061 2398.78 2206.72 9012.79 5680.04 5451.33 3204.04 1881.14 2318.37 2242.29 2126.49 1716.12 1710.52 4556.07 1652.58 1232.39 1878.55 1042.56 744.421 1695.81 638.825 775.717 554.193 492.503 695.214
threshold=1.192054902918031 1.4521809015154281 0.79540249561207932 0.67303894806186471 -1.0081793905995986 -1.6319746294397277 0.44621276952222427 0.50032453421413803 0.6035531545765126 1.4768309902146117 -0.57817666292503656 -0.45517098891215274 -0.29962936387358236 -0.20978928871454205 -0.54541824874265499 0.12238316539900553 0.93101015622949868 1.1496775089750872 -0.27392937223727987 0.52683727505251243 1.3005410314119665 0.6538249607711687 -0.93359517726001806 -1.3353328718391231 -1.5573904161001473 -0.77779359184051766 1.4739236651744319 -1.4438190003330582 0.32894095353386293 0.14965148377840615 -1.8691392491593739 1.4090271599059019 1.3327478508086037
decision_type=2 2 2 2 2 2 2 2 2 2 2 2 2 2 2 2 2 2 2 2 2 2 2 2 2 2 2 2 2 2 2 2 2
left_child=2 9 3 4 19 -5 10 -8 -9 20 12 -12 14 -14 -6 16 18 -17 -4 28 21 -2 -13 24 -7 -10 27 -26 29 -1 -3 32 -22
right_child=1 30 15 5 6 23 7 8 25 -11 11 22 13 -15 -16 17 -18 -19 -20 -21 31 -23 -24 -25 26 -27 -28 -29 -30 -31 -32 -33 -34
leaf_value=-0.58212950574289435 -0.16701812045264788 0.038897000114516446 0.38405272676233659 -0.33356573564219844 0.05799628636271683 0.19540716215880988 -0.48800780614217126 0.3768839437311346 -0.18117742663594932 -0.62086195983509029 0.5769179863367021 -0.18661934237834843 0.46020809132119878 0.069266680732168531 -0.21371712434872675 -0.0035790448011078441 0.56009126950573451 0.3769437548193601 0.016618847988619657 -0.23672367631896468 -0.14550692017013958 -0.72055308745788027 0.10656904729056695 0.15757362416682352 0.21796485278442621 -0.38217602649138327 0.60022019103021906 0.5169870463466143 -0.63207048488937267 -0.34115528443387449 0.22325848529476144 -0.12574408564651221 -0.3599843917015596
leaf_weight=10.000000000000002 13.000000000000002 10.000000000000002 17 19 29 17 10.999999999999998 11.999999999999998 21.999999999999996 9.9999999999999982 15.999999999999998 11.999999999999995 15.999999999999998 126 43 16.000000000000004 14.999999999999998 9.9999999999999982 10.000000000000002 11.999999999999998 11.000000000000002 10.999999999999998 21.000000000000004 12.999999999999998 12.999999999999995 20.000000000000004 9.9999999999999982 19.000000000000004 12.999999999999998 12.999999999999998 19 17 13.999999999999998
leaf_count=10 13 10 17 19 29 17 11 12 22 10 16 12 16 126 43 16 15 10 10 12 11 11 21 13 13 20 10 19 13 13 19 17 14
internal_value=-1.1571e-05 -0.196421 0.0385637 0.00361886 -0.0429094 0.195714 0.016327 -0.192678 -0.131709 -0.332496 0.0680397 0.188979 0.0402679 0.113616 -0.104334 0.27818 0.360915 0.143621 0.248566 -0.446905 -0.287915 -0.4227 -0.000256409 0.335668 0.37456 -0.277595 0.446414 0.396598 -0.516088 -0.448036 0.160072 -0.210051 -0.26661
internal_weight=640 105 535 467 376 91 328 65 54 76 263 49 214 142 72 68 42 26 27 48 66 24 33 72 59 42 42 32 36 23 29 42 25
internal_count=640 105 535 467 376 91 328 65 54 76 263 49 214 142 72 68 42 26 27 48 66 24 33 72 59 42 42 32 36 23 29 42 25
is_linear=0
shrinkage=0.02


Tree=7
num_leaves=34
num_cat=0
split_feature=0 1 0 1 0 0 0 8 8 0 1 1 0 5 0 1 1 0 1 0 1 0 0 0 1 1 0 1 1 8 1 0 1
split_gain=11650.5 12258.3 10760.2 10029.6 21620.4 16233.5 8519.08 2798.79 9665.3 2304.83 2119.81 8658.22 5455.71 5358.47 3077.49 1842.68 2625.05 2540.91 1648.7 1643.44 4377.3 1587.59 1183.87 1804.73 1001.47 715.44 1628.84 613.573 745.362 532.904 483.322 523.92 455.188
threshold=1.192054902918031 1.4521809015154281 0.79540249561207932 0.67303894806186471 -1.0081793905995986 -1.6319746294397277 0.44621276952222427 0.50032453421413803 0.6035531545765126 1.4768309902146117 -0.57817666292503656 -0.45517098891215274 -0.29962936387358236 0.24538629962628963 -0.54541824874265499 -0.014034288174968539 -0.19175487388753545 1.1106903065475795 0.52683727505251243 1.3005410314119665 0.6538249607711687 -0.93359517726001806 -1.3353328718391231 -1.5573904161001473 -0.77779359184051766 1.4739236651744319 -1.4438190003330582 0.32894095353386293 0.14965148377840615 -1.8567464774925679 1.1556063738219942 1.3547840956589343 -0.32609331399294578
decision_type=2 2 2 2 2 2 2 2 2 2 2 2 2 2 2 2 2 2 2 2 2 2 2 2 2 2 2 2 2 2 2 2 2
left_child=2 9 3 4 18 -5 10 -8 -9 19 12 -12 14 -14 -6 16 32 -17 27 20 -2 -13 23 -7 -10 26 -25 28 -1 -3 31 -21 -4
right_child=1 29 15 5 6 22 7 8 24 -11 11 21 13 -15 -16 17 -18 -19 -20 30 -22 -23 -24 25 -26 -27 -28 -29 -30 -31 -32 -33 -34
leaf_value=-0.57060217800706903 -0.16370324608023837 0.054090244829162082 0.35146384310131235 -0.32692935174672388 0.056840360992143249 0.19152189494573579 -0.47833559096396505 0.36940855420325414 -0.17757029356460227 -0.60856763244855527 0.5654512808337715 -0.18291780497416985 0.07730699916558452 0.55542622925031304 -0.20945270723090648 -0.039732511305639928 0.64681739691460494 0.31465124255075499 -0.23202832623946765 -0.25100987703242195 -0.70627187127465607 0.10444775719213258 0.15444619575529608 0.21363884030407626 -0.37457054878348722 0.58833465094613557 0.50670144765164826 -0.61952555299715228 -0.33438425275205652 0.2286541977263333 -0.313395896253507 -0.082872097477409409 0.1779151568157982
leaf_weight=10.000000000000002 13.000000000000002 12.000000000000002 11.999999999999998 19 29 17 10.999999999999998 11.999999999999998 21.999999999999996 9.9999999999999982 15.999999999999998 11.999999999999995 132 9.9999999999999982 43 13.999999999999998 9.9999999999999982 19 11.999999999999998 14.000000000000002 10.999999999999998 21.000000000000004 12.999999999999998 12.999999999999995 20.000000000000004 9.9999999999999982 19.000000000000004 12.999999999999998 12.999999999999998 17 11.999999999999998 15.999999999999998 13.000000000000002
leaf_count=10 13 12 12 19 29 17 11 12 22 10 16 12 132 10 43 14 10 19 12 14 11 21 13 13 20 10 19 13 13 17 12 16 13
internal_value=-1.37613e-05 -0.192529 0.0377966 0.00354545 -0.0420598 0.191831 0.0160017 -0.188846 -0.129082 -0.325903 0.0666857 0.18522 0.0394661 0.111352 -0.102252 0.272656 0.37374 0.164611 -0.438042 -0.282204 -0.414321 -0.000255522 0.329003 0.367121 -0.272071 0.43755 0.388712 -0.505853 -0.439157 0.156889 -0.205881 -0.161943 0.262327
internal_weight=640 105 535 467 376 91 328 65 54 76 263 49 214 142 72 68 35 33 48 66 24 33 72 59 42 42 32 36 23 29 42 30 25
internal_count=640 105 535 467 376 91 328 65 54 76 263 49 214 142 72 68 35 33 48 66 24 33 72 59 42 42 32 36 23 29 42 30 25
is_linear=0
shrinkage=0.02


Tree=8
num_leaves=34
num_cat=0
split_feature=0 1 0 1 0 0 0 8 8 0 1 1 0 0 0 1 0 0 1 1 0 1 0 0 0 1 1 0 1 1 8 0 0
split_gain=11193.2 11776.7 10337.5 9635.6 20771.4 15594.6 8183.56 2689.19 9285.16 2214.55 2036.29 8317.61 5240.31 5076.14 2955.94 1779.06 2217.74 2119.4 2036.68 1583.93 1578.98 4205.53 1525.16 1137.27 1733.82 961.999 687.585 1564.52 589.318 716.195 514.163 483.17 685.456
threshold=1.192054902918031 1.4521809015154281 0.79540249561207932 0.67303894806186471 -1.0081793905995986 -1.6319746294397277 0.44621276952222427 0.50032453421413803 0.6035531545765126 1.4768309902146117 -0.57817666292503656 -0.45517098891215274 -0.29962936387358236 -0.20978928871454205 -0.54541824874265499 0.12238316539900553 0.93101015622949868 1.1496775089750872 -0.27392937223727987 0.52683727505251243 1.3005410314119665 0.6538249607711687 -0.93359517726001806 -1.3353328718391231 -1.5573904161001473 -0.77779359184051766 1.4739236651744319 -1.4438190003330582 0.32894095353386293 0.14965148377840615 -1.8691392491593739 1.4090271599059019 1.3327478508086037
decision_type=2 2 2 2 2 2 2 2 2 2 2 2 2 2 2 2 2 2 2 2 2 2 2 2 2 2 2 2 2 2 2 2 2
left_child=2 9 3 4 19 -5 10 -8 -9 20 12 -12 14 -14 -6 16 18 -17 -4 28 21 -2 -13 24 -7 -10 27 -26 29 -1 -3 32 -22
right_child=1 30 15 5 6 23 7 8 25 -11 11 22 13 -15 -16 17 -18 -19 -20 -21 31 -23 -24 -25 26 -27 -28 -29 -30 -31 -32 -33 -34
leaf_value=-0.55930312071696353 -0.16045416504372165 0.037055671238663164 0.37044333193037238 -0.32042498783291323 0.055707441949352773 0.18771384969789381 -0.46885506776002073 0.3620814555144507 -0.17403494951412149 -0.59651680219291459 0.55421248886896213 -0.17928968610842372 0.44358520324185763 0.06633753518243804 -0.20527334453058352 -0.0066802485907299907 0.54247831024870974 0.36324879913046809 0.010909647422261755 -0.22742613201298986 -0.1376480183300671 -0.6922736798535597 0.10236870797324517 0.15138084899378187 0.20939868326405539 -0.36711638407920716 0.57668445643812116 0.49662046602259119 -0.60722965094879389 -0.32774761789627654 0.21463312848076144 -0.11836073727635611 -0.35047460821503446
leaf_weight=10.000000000000002 13.000000000000002 10.000000000000002 17 19 29 17 10.999999999999998 11.999999999999998 21.999999999999996 9.9999999999999982 15.999999999999998 11.999999999999995 15.999999999999998 126 43 16.000000000000004 14.999999999999998 9.9999999999999982 10.000000000000002 11.999999999999998 11.000000000000002 10.999999999999998 21.000000000000004 12.999999999999998 12.999999999999995 20.000000000000004 9.9999999999999982 19.000000000000004 12.999999999999998 12.999999999999998 19 17 13.999999999999998
leaf_count=10 13 10 17 19 29 17 11 12 22 10 16 12 16 126 43 16 15 10 10 12 11 11 21 13 13 20 10 19 13 13 19 17 14
internal_value=-1.50599e-05 -0.188714 0.0370457 0.00347402 -0.0412264 0.188024 0.0156835 -0.185089 -0.126507 -0.319442 0.0653595 0.181536 0.0386814 0.109134 -0.100211 0.267246 0.3477 0.136408 0.237851 -0.429356 -0.276607 -0.406107 -0.000254546 0.32247 0.359831 -0.266656 0.428862 0.380984 -0.495822 -0.430453 0.153772 -0.201795 -0.257792
internal_weight=640 105 535 467 376 91 328 65 54 76 263 49 214 142 72 68 42 26 27 48 66 24 33 72 59 42 42 32 36 23 29 42 25
internal_count=640 105 535 467 376 91 328 65 54 76 263 49 214 142 72 68 42 26 27 48 66 24 33 72 59 42 42 32 36 23 29 42 25
is_linear=0
shrinkage=0.02


Tree=9
num_leaves=33
num_cat=0
split_feature=0 1 0 1 0 0 0 8 8 0 0 5 0 1 1 0 1 0 1 0 0 0 1 8 1 0 8 0 8 1 0 1
split_gain=10753.7 11313.9 9931.15 9257.12 19955.6 14980.9 7861.21 2583.88 8919.97 2127.81 2028.49 3130.93 3527.85 1741.78 2475.39 2463.47 1521.7 1517.06 4040.51 1405.36 1092.49 1665.69 924.081 675.254 660.815 1502.74 566.501 1443.09 494.438 479.689 515.442 414.801
threshold=1.192054902918031 1.4521809015154281 0.79540249561207932 0.67303894806186471 -1.0081793905995986 -1.6319746294397277 0.44621276952222427 0.50032453421413803 0.6035531545765126 1.4768309902146117 0.30212963011621613 -0.059730936762917887 -0.29962936387358236 -0.014034288174968539 -0.19175487388753545 1.1106903065475795 0.52683727505251243 1.3005410314119665 0.6538249607711687 0.19194840586456288 -1.3353328718391231 -1.5573904161001473 -0.77779359184051766 0.96759510419378969 1.4739236651744319 -1.4438190003330582 -0.35250560208098297 -1.1047998487895101 -1.8567464774925679 1.1556063738219942 1.3547840956589343 -0.32609331399294578
decision_type=2 2 2 2 2 2 2 2 2 2 2 2 2 2 2 2 2 2 2 2 2 2 2 2 2 2 2 2 2 2 2 2
left_child=2 9 3 4 16 -5 10 -8 -9 17 11 19 -13 14 31 -15 26 18 -2 -6 21 -7 -10 -12 25 -23 -1 -28 -3 30 -19 -4
right_child=1 28 13 5 6 20 7 8 22 -11 23 12 -14 15 -16 -17 -18 29 -20 -21 -22 24 -24 -25 -26 -27 27 -29 -30 -31 -32 -33
leaf_value=-0.61850915795505657 -0.15726958296681176 0.051695378673963302 0.33714501514907708 -0.3140500535016284 -0.21065730866554858 0.18398153121011299 -0.45956245791804684 0.35489965423079561 -0.17056999051193308 -0.58470459447048673 0.13177633089735016 0.013659055755711311 0.19119093239055912 -0.04426346012886534 0.62537218305143982 0.30465045575696137 -0.22291518156193504 -0.24238620829074933 -0.67855294365066665 0.019230282849666335 0.14837635002063432 0.20524267551553163 -0.35981058927317749 0.32998564108637451 0.56526498549055348 0.48674005458492248 -0.24057074763987327 -0.55065229777223546 0.21984029926054657 -0.3048321039420514 -0.075700707702162848 0.17142295611723687
leaf_weight=9.9999999999999947 13.000000000000002 12.000000000000002 11.999999999999998 19 24 17 10.999999999999998 11.999999999999998 21.999999999999996 9.9999999999999982 15.000000000000002 121 71 13.999999999999998 9.9999999999999982 19 11.999999999999998 14.000000000000002 10.999999999999998 19 12.999999999999998 12.999999999999995 20.000000000000004 12.999999999999998 9.9999999999999982 19.000000000000004 9.9999999999999982 16.000000000000007 17 11.999999999999998 15.999999999999998 13.000000000000002
leaf_count=10 13 12 12 19 24 17 11 12 22 10 15 121 71 14 10 19 12 14 11 19 13 13 20 13 10 19 10 16 17 12 16 13
internal_value=-1.7086e-05 -0.184974 0.0363088 0.00340355 -0.0404101 0.184293 0.015371 -0.181408 -0.123983 -0.313109 0.0640588 0.0448288 0.0793794 0.261939 0.36021 0.15691 -0.420842 -0.27112 -0.398057 -0.109247 0.316067 0.352685 -0.261349 0.224685 0.420347 0.373409 -0.485989 -0.432807 0.150714 -0.197788 -0.154067 0.252036
internal_weight=640 105 535 467 376 91 328 65 54 76 263 235 192 68 35 33 48 66 24 43 72 59 42 28 42 32 36 26 29 42 30 25
internal_count=640 105 535 467 376 91 328 65 54 76 263 235 192 68 35 33 48 66 24 43 72 59 42 28 42 32 36 26 29 42 30 25
is_linear=0
shrinkage=0.02


Tree=10
num_leaves=34
num_cat=0
split_feature=0 1 0 1 0 0 0 1 1 0 5 0 8 8 0 1 0 0 1 0 1 1 0 0 1 1 10 1 1 0 5 0 0
split_gain=10331.5 10869.5 9541.17 8893.63 19183.4 14391.3 7893.35 3331.42 6324.33 4942.54 4955.15 2839.19 2482.69 8569.15 2044.46 1682.89 2121.93 2002.81 1951.07 1457.54 3881.96 1070.91 1049.48 1600.23 1016.25 930.691 909.726 887.658 635.085 1443.4 477.023 474.051 675.772
threshold=1.192054902918031 1.4521809015154281 0.79540249561207932 0.67303894806186471 -0.9590216136257842 -1.6319746294397277 0.44621276952222427 -0.57817666292503656 -0.45517098891215274 -0.29962936387358236 0.24538629962628963 -0.54541824874265499 0.50032453421413803 0.6035531545765126 1.4768309902146117 0.12238316539900553 0.93101015622949868 1.1496775089750872 -0.27392937223727987 1.3005410314119665 0.6538249607711687 0.52683727505251243 -1.3353328718391231 -1.5573904161001473 0.32894095353386293 -0.27392937223727987 -0.08856312927190281 -0.77779359184051766 1.4739236651744319 -1.4438190003330582 -1.6327797999250018 1.4090271599059019 1.3327478508086037
decision_type=2 2 2 2 2 2 2 2 2 2 2 2 2 2 2 2 2 2 2 2 2 2 2 2 2 2 2 2 2 2 2 2 2
left_child=2 14 3 4 21 -5 7 9 -9 11 -11 -6 -8 -14 19 16 18 -17 -4 20 -2 24 23 -7 26 -10 -1 -15 29 -25 -3 32 -21
right_child=1 30 15 5 6 22 12 8 25 10 -12 -13 13 27 -16 17 -18 -19 -20 31 -22 -23 -24 28 -26 -27 -28 -29 -30 -31 -32 -33 -34
leaf_value=-0.27698971916957449 -0.15414821712115337 0.035298209992965839 0.35734345391479844 -0.30780192689745833 0.054324880137885972 0.18032342475757263 -0.45045399163220384 0.54292559521538863 0.17247754692046111 0.072089257436571116 0.53185785633502625 -0.20144997502424325 0.34786031927944217 -0.16717402013718274 -0.57312628528859355 -0.0095686010100086271 0.52548453619938029 0.35002306023446639 0.0055012905007541758 -0.13011580106374376 -0.66510414123535155 -0.21849372832243105 0.14543147525714553 0.20116915386141718 -0.5846330063215649 -0.062967352140818195 -0.51140134261535086 -0.35265018994535369 0.55407158728873374 0.47705621988985536 0.20634128455716277 -0.11128630827742013 -0.34130225352361693
leaf_weight=18 13.000000000000002 10.000000000000002 17 19 29 17 10.999999999999998 15.999999999999998 11.999999999999998 132 9.9999999999999982 43 11.999999999999998 21.999999999999996 9.9999999999999982 16.000000000000004 14.999999999999998 9.9999999999999982 10.000000000000002 11.000000000000002 10.999999999999998 11.999999999999998 12.999999999999998 12.999999999999995 12.999999999999998 15.000000000000002 11.000000000000002 20.000000000000004 9.9999999999999982 19.000000000000004 19 17 13.999999999999998
leaf_count=18 13 10 17 19 29 17 11 16 12 132 10 43 12 22 10 16 15 10 10 11 11 12 13 13 13 15 11 20 10 19 19 17 14
internal_value=-1.94759e-05 -0.181309 0.0355861 0.00333331 -0.0396115 0.180635 0.0189278 0.0687374 0.229171 0.0364041 0.104826 -0.0984832 -0.177799 -0.12151 -0.306902 0.256742 0.334987 0.129509 0.22757 -0.265743 -0.390166 -0.388088 0.309791 0.345681 -0.435885 0.0418882 -0.367391 -0.256148 0.412 0.365984 0.147719 -0.193863 -0.249309
internal_weight=640 105 535 467 376 91 322 257 43 214 142 72 65 54 76 68 42 26 27 66 24 54 72 59 42 27 29 42 42 32 29 42 25
internal_count=640 105 535 467 376 91 322 257 43 214 142 72 65 54 76 68 42 26 27 66 24 54 72 59 42 27 29 42 42 32 29 42 25
is_linear=0
shrinkage=0.02


Tree=11
num_leaves=33
num_cat=0
split_feature=0 1 0 1 0 0 0 8 8 0 0 5 0 1 0 1 1 0 1 0 0 0 1 8 1 0 1 1 1 0 8 1
split_gain=9925.96 10442.4 9165.99 8544.14 18498.8 13824.9 7263.03 2385.47 8232.12 1964.38 1940.64 3022.39 3280.54 1646.53 2388.28 2333.95 1416.41 1400.39 3729.63 1349.9 1008.17 1537.35 852.669 648.887 610.356 1386.4 523.992 655.683 475.946 507.086 458.748 377.473
threshold=1.192054902918031 1.4521809015154281 0.79540249561207932 0.67303894806186471 -1.0081793905995986 -1.6319746294397277 0.44621276952222427 0.50032453421413803 0.6035531545765126 1.4768309902146117 0.30212963011621613 -0.059730936762917887 -0.29962936387358236 -0.014034288174968539 1.1106903065475795 -0.19175487388753545 0.52683727505251243 1.3005410314119665 0.6538249607711687 0.19194840586456288 -1.3353328718391231 -1.5573904161001473 -0.77779359184051766 0.96759510419378969 1.4739236651744319 -1.4438190003330582 0.32894095353386293 0.14965148377840615 1.1556063738219942 1.3547840956589343 -1.8567464774925679 -0.32609331399294578
decision_type=2 2 2 2 2 2 2 2 2 2 2 2 2 2 2 2 2 2 2 2 2 2 2 2 2 2 2 2 2 2 2 2
left_child=2 9 3 4 16 -5 10 -8 -9 17 11 19 -13 15 -15 31 26 18 -2 -6 21 -7 -10 -12 25 -23 27 -1 29 -19 -3 -4
right_child=1 30 13 5 6 20 7 8 22 -11 23 12 -14 14 -16 -17 -18 28 -20 -21 -22 24 -24 -25 -26 -27 -28 -29 -30 -31 -32 -33
leaf_value=-0.52951793920875756 -0.15108878332239978 0.049404445679719772 0.3233700361330647 -0.30167811199008482 -0.20789745176481508 0.17673805186623018 -0.44152606878194728 0.34096062274018596 -0.16384568620051734 -0.56177723044216044 0.127726029970788 0.013442810417624372 0.18463943422427495 -0.048507059229181179 0.29501437948636355 0.60464228677277521 -0.21415998514033546 -0.23409033237619598 -0.65192190410854578 0.017413466385521811 0.14254504826232678 0.19717648040247335 -0.34563228331988122 0.32200554456419617 0.54309987870773468 0.46756507134562375 -0.57302960505012335 -0.30813008039052248 -0.29657851814238489 -0.068841111082467973 0.21136651535480341 0.16522566627910115
leaf_weight=10.000000000000002 13.000000000000002 12.000000000000002 11.999999999999998 19 24 17 10.999999999999998 11.999999999999998 21.999999999999996 9.9999999999999982 15.000000000000002 121 71 13.999999999999998 19 9.9999999999999982 11.999999999999998 14.000000000000002 10.999999999999998 19 12.999999999999998 12.999999999999995 20.000000000000004 12.999999999999998 9.9999999999999982 19.000000000000004 12.999999999999998 12.999999999999998 11.999999999999998 15.999999999999998 17 13.000000000000002
leaf_count=10 13 12 12 19 24 17 11 12 22 10 15 121 71 14 19 10 12 14 11 19 13 13 20 13 10 19 13 13 12 16 17 13
internal_value=-2.01738e-05 -0.177716 0.0348796 0.00326727 -0.0388253 0.177051 0.0148811 -0.174263 -0.119086 -0.300817 0.0616799 0.0428714 0.0768183 0.251644 0.149542 0.347183 -0.405107 -0.260472 -0.382431 -0.108509 0.303639 0.338816 -0.25105 0.218788 0.40382 0.358707 -0.467959 -0.406305 -0.190015 -0.146512 0.144782 0.242161
internal_weight=640 105 535 467 376 91 328 65 54 76 263 235 192 68 33 35 48 66 24 43 72 59 42 28 42 32 36 23 42 30 29 25
internal_count=640 105 535 467 376 91 328 65 54 76 263 235 192 68 33 35 48 66 24 43 72 59 42 28 42 32 36 23 42 30 29 25
is_linear=0
shrinkage=0.02


Tree=12
num_leaves=34
num_cat=0
split_feature=0 1 0 1 0 0 0 8 8 1 1 0 5 0 0 1 0 0 1 0 1 0 1 0 0 1 1 0 1 1 0 0 5
split_gain=9536.2 10032.2 8806.07 8208.67 17772.1 13280.8 6976.79 2292.05 7908.35 1967.23 7642.43 4663 4724.67 2727.04 1887.43 1592.27 2030.68 1892.21 1869.45 1390.55 1360.76 1345.45 3583.28 968.476 1476.94 819.059 586.59 1331.65 503.274 630.022 465.14 666.165 442.565
threshold=1.192054902918031 1.4521809015154281 0.79540249561207932 0.67303894806186471 -1.0081793905995986 -1.6319746294397277 0.44621276952222427 0.50032453421413803 0.6035531545765126 -0.57817666292503656 -0.45517098891215274 -0.29962936387358236 0.24538629962628963 -0.54541824874265499 1.4768309902146117 0.12238316539900553 0.93101015622949868 1.1496775089750872 -0.27392937223727987 -0.93359517726001806 0.52683727505251243 1.3005410314119665 0.6538249607711687 -1.3353328718391231 -1.5573904161001473 -0.77779359184051766 1.4739236651744319 -1.4438190003330582 0.32894095353386293 0.14965148377840615 1.4090271599059019 1.3327478508086037 -1.6327797999250018
decision_type=2 2 2 2 2 2 2 2 2 2 2 2 2 2 2 2 2 2 2 2 2 2 2 2 2 2 2 2 2 2 2 2 2
left_child=2 14 3 4 20 -5 9 -8 -9 11 -11 13 -13 -6 21 16 18 -17 -4 -12 28 22 -2 24 -7 -10 27 -26 29 -1 31 -23 -3
right_child=1 32 15 5 6 23 7 8 25 10 19 12 -14 -15 -16 17 -18 -19 -20 -21 -22 30 -24 -25 26 -27 -28 -29 -30 -31 -32 -33 -34
leaf_value=-0.51903242931507587 -0.14809008183370106 0.033620934816870347 0.34473361154745891 -0.29567614869921616 0.052974200625599863 0.17322392960040886 -0.43277510739661551 0.3341977627021222 -0.16058360436383418 0.53186736885805308 -0.17057487010955819 0.068724828042106861 0.51766979755741538 -0.19769853206424867 -0.55065295379940826 -0.01225491645173256 0.50908737713138008 0.33725005485043669 0.00038027470654780317 0.098366897546849533 -0.2099121841714402 -0.12289731665774506 -0.63900092756426019 0.13971590811059675 0.19326305159175675 -0.33875400505255698 0.53234543602065287 0.45826270937295471 -0.56165650593415473 -0.3020145131613462 -0.10450851841976767 -0.33245437273742462 0.19837005021060322
leaf_weight=10.000000000000002 13.000000000000002 10.000000000000002 17 19 29 17 10.999999999999998 11.999999999999998 21.999999999999996 15.999999999999998 11.999999999999995 132 9.9999999999999982 43 9.9999999999999982 16.000000000000004 14.999999999999998 9.9999999999999982 10.000000000000002 21.000000000000004 11.999999999999998 11.000000000000002 10.999999999999998 12.999999999999998 12.999999999999995 20.000000000000004 9.9999999999999982 19.000000000000004 12.999999999999998 12.999999999999998 17 13.999999999999998 19
leaf_count=10 13 10 17 19 29 17 11 12 22 16 12 132 10 43 10 16 15 10 10 21 12 11 11 13 13 20 10 19 13 13 17 14 19
internal_value=-2.25714e-05 -0.174195 0.0341851 0.0031996 -0.0380583 0.173537 0.0145826 -0.170797 -0.116711 0.06045 0.174636 0.0342305 0.10069 -0.0967858 -0.294853 0.246651 0.322755 0.122909 0.217704 0.000319807 -0.397074 -0.255306 -0.37485 0.29761 0.332088 -0.246054 0.395802 0.351575 -0.458679 -0.398252 -0.186244 -0.241146 0.141905
internal_weight=640 105 535 467 376 91 328 65 54 263 49 214 142 72 76 68 42 26 27 33 48 66 24 72 59 42 42 32 36 23 42 25 29
internal_count=640 105 535 467 376 91 328 65 54 263 49 214 142 72 76 68 42 26 27 33 48 66 24 72 59 42 42 32 36 23 42 25 29
is_linear=0
shrinkage=0.02


Tree=13
num_leaves=34
num_cat=0
split_feature=0 1 0 1 0 0 0 8 8 1 1 0 5 0 0 1 0 1 0 1 0 1 0 0 1 1 0 1 0 1 0 8 1
split_gain=9161.83 9637.96 8459.87 7886.19 17074.2 12758.1 6702.03 2202.3 7597.31 1889.72 7341.77 4478.91 4539.66 2619.33 1813.5 1556.6 2315.27 2200.26 1335.86 1307.29 1292.69 3442.67 930.348 1418.9 786.773 563.748 1279.06 484.998 1372.07 472.104 498.853 425.634 342.999
threshold=1.192054902918031 1.4521809015154281 0.79540249561207932 0.67303894806186471 -1.0081793905995986 -1.6319746294397277 0.44621276952222427 0.50032453421413803 0.6035531545765126 -0.57817666292503656 -0.45517098891215274 -0.29962936387358236 0.24538629962628963 -0.54541824874265499 1.4768309902146117 -0.014034288174968539 1.1106903065475795 -0.19175487388753545 -0.93359517726001806 0.52683727505251243 1.3005410314119665 0.6538249607711687 -1.3353328718391231 -1.5573904161001473 -0.77779359184051766 1.4739236651744319 -1.4438190003330582 0.35607764383332763 -1.1047998487895101 1.1556063738219942 1.3547840956589343 -1.8567464774925679 -0.32609331399294578
decision_type=2 2 2 2 2 2 2 2 2 2 2 2 2 2 2 2 2 2 2 2 2 2 2 2 2 2 2 2 2 2 2 2 2
left_child=2 14 3 4 19 -5 9 -8 -9 11 -11 13 -13 -6 20 17 -17 32 -12 27 21 -2 23 -7 -10 26 -25 28 -1 30 -22 -3 -4
right_child=1 31 15 5 6 22 7 8 24 10 18 12 -14 -15 -16 16 -18 -19 -20 -21 29 -23 -24 25 -26 -27 -28 -29 -30 -31 -32 -33 -34
leaf_value=-0.21329628443954016 -0.14515088234238949 0.047213024265509981 0.31011838589818025 -0.28979360290846895 0.051918356000762625 0.1697797164024665 -0.42419761351636937 0.32756904286786542 -0.15738646666928116 0.52129608172067199 -0.16719155687931161 0.06735136704269816 0.50741891166951403 -0.19375375448274501 -0.53974891360443411 -0.052476869931457747 0.28572905483046124 0.58460292995566188 0.09640888553095088 -0.20574863520535558 -0.22610948467930997 -0.62633604318172009 0.136942911871517 0.18942730217034587 -0.33201265069382696 0.52180393086801657 0.44914546307468906 -0.57221551687410566 -0.51517316401560098 -0.28862308955389604 -0.062280874755811989 0.20321970538089149 0.15931018610947001
leaf_weight=9.9999999999999982 13.000000000000002 12.000000000000002 11.999999999999998 19 29 17 10.999999999999998 11.999999999999998 21.999999999999996 15.999999999999998 11.999999999999995 132 9.9999999999999982 43 9.9999999999999982 13.999999999999998 19 9.9999999999999982 21.000000000000004 11.999999999999998 14.000000000000002 10.999999999999998 12.999999999999998 12.999999999999995 20.000000000000004 9.9999999999999982 19.000000000000004 9.9999999999999982 16.000000000000004 11.999999999999998 15.999999999999998 17 13.000000000000002
leaf_count=10 13 12 12 19 29 17 11 12 22 16 12 132 10 43 10 14 19 10 21 12 14 11 13 13 20 10 19 10 16 12 16 17 13
internal_value=-2.38868e-05 -0.170743 0.0335056 0.00313523 -0.0373041 0.170094 0.0142928 -0.167399 -0.114383 0.059248 0.171162 0.0335501 0.0986844 -0.0948539 -0.289008 0.241753 0.142492 0.334641 0.000308449 -0.3892 -0.250242 -0.367419 0.2917 0.325493 -0.241157 0.387943 0.344585 -0.449583 -0.400367 -0.182546 -0.139265 0.139084 0.232685
internal_weight=640 105 535 467 376 91 328 65 54 263 49 214 142 72 76 68 33 35 33 48 66 24 72 59 42 42 32 36 26 42 30 29 25
internal_count=640 105 535 467 376 91 328 65 54 263 49 214 142 72 76 68 33 35 33 48 66 24 72 59 42 42 32 36 26 42 30 29 25
is_linear=0
shrinkage=0.02


Tree=14
num_leaves=34
num_cat=0
split_feature=0 1 0 1 0 0 0 8 8 0 5 8 0 1 0 1 1 0 1 0 1 0 8 1 1 8 8 1 1 0 0 5 8
split_gain=8802.24 9259.35 8127.54 7576.36 16403.5 12256 6438.09 2116.05 7298.51 1856.52 2917.84 2981.61 1742.46 1506.86 1943.77 1791.58 1788.76 1296.58 1255.9 1241.97 3307.58 893.72 1375.05 763.369 755.76 751.214 623.701 476.839 587.743 456.433 656.639 410.595 83.9033
threshold=1.192054902918031 1.4521809015154281 0.79540249561207932 0.67303894806186471 -1.0081793905995986 -1.6319746294397277 0.44621276952222427 0.50032453421413803 0.6035531545765126 0.30212963011621613 -0.059730936762917887 1.010097284652373 1.4768309902146117 0.12238316539900553 0.93101015622949868 -0.27392937223727987 0.32894095353386293 0.19194840586456288 0.52683727505251243 1.3005410314119665 0.6538249607711687 -1.3353328718391231 -1.5084732187077459 1.7167923221758088 -0.77779359184051766 -1.2462590414351533 0.96759510419378969 0.32894095353386293 0.14965148377840615 1.4090271599059019 1.3327478508086037 -1.6327797999250018 -1.0515331950582598
decision_type=2 2 2 2 2 2 2 2 2 2 2 2 2 2 2 2 2 2 2 2 2 2 2 2 2 2 2 2 2 2 2 2 2
left_child=2 12 3 4 18 -5 9 -8 -9 10 17 -12 19 14 15 -4 -15 -6 27 20 -2 22 23 -7 -10 -24 -11 28 -1 30 -21 -3 -27
right_child=1 31 13 5 6 21 7 8 24 26 11 -13 -14 16 -16 -17 -18 -19 -20 29 -22 -23 25 -25 -26 32 -28 -29 -30 -31 -32 -33 -34
leaf_value=-0.49855312571667193 -0.14227004626325065 0.032020271792270155 0.33259508395055576 -0.28402806721432666 -0.20646699074392988 0.083593943414609267 -0.41579007154112463 0.32107180634805976 -0.15425297497624185 0.12248490276715611 0.0098848506612313498 0.17137921181404484 -0.52906081407377037 -0.062341071180075647 0.4932651222304793 -0.0042682066058168308 0.26939644164227422 0.014359728747013349 -0.20166767128242935 -0.11598006703832126 -0.61392219009700122 0.13422498658843313 0.50413726466183639 0.32067303553666215 -0.32540543133939664 0.27017495301392702 0.3129138476930502 -0.54079607453965051 -0.28902169795436711 -0.098015512165270352 -0.32391851871571642 0.19070702667635772 0.3593619822596642
leaf_weight=10.000000000000002 13.000000000000002 10.000000000000002 17 19 24 12.000000000000002 10.999999999999998 11.999999999999998 21.999999999999996 15.000000000000002 117 75 9.9999999999999982 12.000000000000002 14.999999999999998 10.000000000000002 13.999999999999998 19 11.999999999999998 11.000000000000002 10.999999999999998 12.999999999999998 14.999999999999995 9.9999999999999982 20.000000000000004 10.999999999999998 12.999999999999998 12.999999999999998 12.999999999999998 17 13.999999999999998 19 11.000000000000005
leaf_count=10 13 10 17 19 24 12 11 12 22 15 117 75 10 12 15 10 14 19 12 11 11 13 15 10 20 11 13 13 13 17 14 19 11
internal_value=-2.45699e-05 -0.16736 0.0328403 0.00307239 -0.0365645 0.166718 0.0140087 -0.16407 -0.112101 0.05807 0.0396747 0.0730302 -0.283278 0.236956 0.310987 0.208239 0.116596 -0.109062 -0.38148 -0.245279 -0.360136 0.285908 0.319029 0.192366 -0.236357 0.393594 0.211733 -0.440665 -0.381929 -0.178924 -0.233292 0.13632 0.316238
internal_weight=640 105 535 467 376 91 328 65 54 263 235 192 76 68 42 27 26 43 48 66 24 72 59 22 42 37 28 36 23 42 25 29 22
internal_count=640 105 535 467 376 91 328 65 54 263 235 192 76 68 42 27 26 43 48 66 24 72 59 22 42 37 28 36 23 42 25 29 22
is_linear=0
shrinkage=0.02


Tree=15
num_leaves=34
num_cat=0
split_feature=0 1 0 1 0 0 0 1 1 0 5 0 8 8 0 1 0 1 0 1 1 0 1 0 0 1 1 0 1 0 8 1 1
split_gain=8456.59 8895.52 7807.82 7279.28 15785.8 11774 6466.94 3031.1 5604.62 4233.96 4329.15 2522.14 2033.18 7011.46 1674.21 1471.78 2233.17 2073.93 1193.27 3177.79 886.38 917.364 861.708 858.614 1329.99 725.969 554.133 1254.99 468.171 490.743 394.91 311.198 242.817
threshold=1.192054902918031 1.4521809015154281 0.79540249561207932 0.67303894806186471 -0.9590216136257842 -1.6319746294397277 0.44621276952222427 -0.57817666292503656 -0.45517098891215274 -0.29962936387358236 0.24538629962628963 -0.54541824874265499 0.50032453421413803 0.6035531545765126 1.4768309902146117 -0.014034288174968539 1.1106903065475795 -0.19175487388753545 1.3005410314119665 0.6538249607711687 0.52683727505251243 -1.0624224548465664 -0.27392937223727987 -1.3353328718391231 -1.5573904161001473 -0.77779359184051766 1.4739236651744319 -1.4438190003330582 1.1556063738219942 1.3547840956589343 -1.8567464774925679 -0.32609331399294578 0.35607764383332763
decision_type=2 2 2 2 2 2 2 2 2 2 2 2 2 2 2 2 2 2 2 2 2 2 2 2 2 2 2 2 2 2 2 2 2
left_child=2 14 3 4 20 -5 7 9 -9 11 -11 -6 -8 -14 18 17 -17 31 19 -2 21 32 -10 24 -7 -15 27 -26 29 -20 -3 -4 -1
right_child=1 30 15 5 6 23 12 8 22 10 -12 -13 13 25 -16 16 -18 -19 28 -21 -22 -23 -24 -25 26 -27 -28 -29 -30 -31 -32 -33 -34
leaf_value=-0.41290063713029107 -0.13944632726771228 0.045116889102399832 0.29737036279410367 -0.2783772493032885 0.050686523643965579 0.16196903674923185 -0.40754919913437987 0.51073845270997986 0.16473048651513975 0.06423748048663952 0.49397735297089757 -0.19038466186645134 0.31470344984826965 -0.15118186577412879 -0.51858436744992098 -0.055713464199228499 0.27642150269753019 0.56522940918950748 -0.21843136009595068 -0.60175436420483641 -0.19766764987598767 -0.26679715267080339 -0.0618174015844105 0.13156096493469852 0.17673348763516847 -0.31892970374567581 0.50565206924287398 0.43380707566026611 -0.28095423044252005 -0.056007983166238534 0.195387234408953 0.15366152654167348 -0.55017567804544276
leaf_weight=17 13.000000000000002 12.000000000000002 11.999999999999998 19 29 17 10.999999999999998 15.999999999999998 11.999999999999998 132 9.9999999999999982 43 11.999999999999998 21.999999999999996 9.9999999999999982 13.999999999999998 19 9.9999999999999982 14.000000000000002 10.999999999999998 11.999999999999998 15.000000000000002 15.000000000000002 12.999999999999998 12.999999999999995 20.000000000000004 9.9999999999999982 19.000000000000004 11.999999999999998 15.999999999999998 17 13.000000000000002 9.9999999999999982
leaf_count=17 13 12 12 19 29 17 11 16 12 132 10 43 12 22 10 14 19 10 14 11 12 15 15 13 13 20 10 19 12 16 17 13 10
internal_value=-2.6745e-05 -0.164044 0.0321864 0.00300978 -0.0358422 0.163415 0.0172603 0.0623455 0.215376 0.0315056 0.0948342 -0.093337 -0.160806 -0.109865 -0.277662 0.232248 0.135743 0.322563 -0.240414 -0.352997 -0.351955 -0.39544 0.03907 0.280238 0.312702 -0.231653 0.373159 0.330278 -0.175372 -0.132313 0.133609 0.223592 -0.465623
internal_weight=640 105 535 467 376 91 322 257 43 214 142 72 65 54 76 68 33 35 66 24 54 42 27 72 59 42 42 32 42 30 29 25 27
internal_count=640 105 535 467 376 91 322 257 43 214 142 72 65 54 76 68 33 35 66 24 54 42 27 72 59 42 42 32 42 30 29 25 27
is_linear=0
shrinkage=0.02


Tree=16
num_leaves=34
num_cat=0
split_feature=0 1 0 1 0 0 0 1 1 0 8 8 8 0 1 0 1 0 0 1 0 1 0 1 0 8 1 8 1 8 5 1 8
split_gain=8124.74 8546.08 7501.04 6993.22 15165.4 11310.6 6212.32 2911.86 5383.98 4159.62 3548.12 1953.56 6735.7 1608.62 1426.39 1860.95 1717.35 1706.43 1171.53 955.497 2520.44 851.479 881.331 827.852 824.81 1291.13 752.215 741.56 697.351 647.199 380.934 233.398 78.4841
threshold=1.192054902918031 1.4521809015154281 0.79540249561207932 0.67303894806186471 -0.9590216136257842 -1.6319746294397277 0.44621276952222427 -0.57817666292503656 -0.45517098891215274 -0.6216975578399534 0.74639805015766292 0.50032453421413803 0.6035531545765126 1.4768309902146117 0.12238316539900553 0.93101015622949868 -0.27392937223727987 1.1496775089750872 1.4090271599059019 0.6538249607711687 1.3005410314119665 0.52683727505251243 -1.0624224548465664 -0.27392937223727987 -1.3353328718391231 -1.5084732187077459 1.7167923221758088 -1.2462590414351533 -0.77779359184051766 -0.86633788245910681 -1.6327797999250018 0.35607764383332763 -1.0515331950582598
decision_type=2 2 2 2 2 2 2 2 2 2 2 2 2 2 2 2 2 2 2 2 2 2 2 2 2 2 2 2 2 2 2 2 2
left_child=2 13 3 4 21 -5 7 9 -9 -6 -11 -8 -13 18 15 16 -4 -16 19 -2 -21 22 31 -10 25 26 -7 -27 -14 -22 -3 -1 -29
right_child=1 30 14 5 6 24 11 8 23 10 -12 12 28 -15 17 -17 -18 -19 -20 20 29 -23 -24 -25 -26 27 -28 32 -30 -31 -32 -33 -34
leaf_value=-0.40469092592161299 -0.13667869742590052 0.030492805632034142 0.32090986815112371 -0.27283883177173068 -0.36532820984868719 0.075882913573714308 -0.39947163556073167 0.50058711531739786 0.16146311870291213 0.38266699483571953 0.029520220147452588 0.30846137953198649 -0.14817192668828491 -0.50831539666446124 -0.017764769666683593 0.47799251089032913 -0.0088564678229907916 0.31410553776391664 -0.091795908163862613 -0.58982768501247373 -0.31568271785763147 -0.19374695604497738 -0.26149655139998879 -0.060589248115653228 0.12894982842998651 0.48843175403329725 0.31111574918916907 0.25761174760423261 -0.31258282893925748 -0.1093520898217553 0.18334027829594635 -0.53928112738203293 0.34364149798144072
leaf_weight=17 12.999999999999998 10.000000000000002 17 19 9.9999999999999982 12.000000000000002 10.999999999999998 15.999999999999998 11.999999999999998 11.999999999999998 192 11.999999999999998 21.999999999999996 9.9999999999999982 16.000000000000004 14.999999999999998 10.000000000000002 9.9999999999999982 17 10.999999999999998 13.999999999999995 11.999999999999998 15.000000000000002 15.000000000000002 12.999999999999998 14.999999999999995 9.9999999999999982 10.999999999999998 20.000000000000004 11.000000000000005 19 9.9999999999999982 11.000000000000005
leaf_count=17 13 10 17 19 10 12 11 16 12 12 192 12 22 10 16 15 10 10 17 11 14 12 15 15 13 15 10 11 20 11 19 10 11
internal_value=-2.66956e-05 -0.160794 0.031548 0.00295032 -0.0351306 0.160172 0.016918 0.0611068 0.211096 0.0308794 0.0504758 -0.157608 -0.107673 -0.272158 0.227639 0.299663 0.199155 0.110554 -0.235646 -0.285245 -0.338339 -0.34497 -0.38759 0.0382954 0.274673 0.306492 0.183776 0.378739 -0.227043 -0.225734 0.130955 -0.456382 0.302032
internal_weight=640 105 535 467 376 91 322 257 43 214 204 65 54 76 68 42 27 26 66 49 36 54 42 27 72 59 22 37 42 25 29 27 22
internal_count=640 105 535 467 376 91 322 257 43 214 204 65 54 76 68 42 27 26 66 49 36 54 42 27 72 59 22 37 42 25 29 27 22
is_linear=0
shrinkage=0.02


Tree=17
num_leaves=33
num_cat=0
split_feature=0 3 0 3 0 0 0 8 8 0 5 0 0 10 0 8 0 0 3 3 0 0 0 8 8 5 3 0 3 3 0 3
split_gain=7805.82 8210.27 7206.08 6718.9 14585.5 10865.7 5711.32 1877.06 6470.78 1790.6 2790.33 2879.22 1545.61 1391.6 2164.63 1954.55 1245.39 1125.56 1119.55 917.971 2421.57 792.409 1246.87 621.701 599.399 580.888 544.273 1231.41 421.037 598.171 366.403 281.877
threshold=1.192054902918031 0.95632925143257841 0.79540249561207932 0.77435934691183406 -1.0081793905995986 -1.6319746294397277 0.44621276952222427 0.50032453421413803 0.6035531545765126 0.30212963011621613 -0.059730936762917887 -0.1792775650756227 1.4768309902146117 1.0000000180025095e-35 1.1106903065475795 0.19111978564290882 0.19194840586456288 1.4090271599059019 0.7275497170528441 0.76850025367029662 1.3005410314119665 -1.3353328718391231 -1.5573904161001473 -0.86633788245910681 0.96759510419378969 -0.5852106216554197 0.96018891515676597 -1.4438190003330582 0.65494452424343141 0.57776084508258163 1.6293896084092083 0.28628227401533701
decision_type=2 2 2 2 2 2 2 2 2 2 2 2 2 2 2 2 2 2 2 2 2 2 2 2 2 2 2 2 2 2 2 2
left_child=2 12 3 4 18 -5 9 -8 -9 10 16 -12 17 14 -4 -15 -6 19 28 -2 -21 22 -7 -22 -11 -10 27 -24 29 -1 -3 -17
right_child=1 30 13 5 6 21 7 8 25 24 11 -13 -14 15 -16 31 -18 -19 -20 20 23 -23 26 -25 -26 -27 -28 -29 -30 -31 -32 -33
leaf_value=-0.47764664158962722 -0.13396601087264434 0.18785699230885639 -0.059176734508352084 -0.26741064388714536 -0.20422214389341992 0.15448857491476492 -0.39155417145909488 0.30234315604217782 -0.30858262963057881 0.11818872281257678 0.025772361663985468 0.2071087538084084 -0.49824973754363483 0.54649968043412311 0.26780039123215599 0.2851069390478212 0.012208713985862532 -0.089970749525995972 -0.18990405405848482 -0.57813740745321052 -0.30941383645889614 0.12639052300962783 0.16458890594598904 -0.10718475066863732 0.30484250735690577 -0.15692695637461551 0.49005189876745242 0.41906019200829298 -0.50968508640318422 -0.26705838079670913 0.043111902347280961 0.14827024256000085
leaf_weight=10.000000000000002 12.999999999999998 17.000000000000004 13.999999999999998 19 24 17 10.999999999999998 11.999999999999998 17.999999999999996 15.000000000000002 146 46 9.9999999999999982 9.9999999999999982 19 12.000000000000002 19 17 11.999999999999998 10.999999999999998 13.999999999999995 12.999999999999998 12.999999999999995 11.000000000000005 12.999999999999998 24.000000000000004 9.9999999999999982 19.000000000000004 12.999999999999998 12.999999999999998 11.999999999999998 12.999999999999998
leaf_count=10 13 17 14 19 24 17 11 12 18 15 146 46 10 10 19 12 19 17 12 11 14 13 13 11 13 24 10 19 13 13 12 13
internal_value=-2.75055e-05 -0.157608 0.0309213 0.00289145 -0.034435 0.156999 0.0132532 -0.154473 -0.105526 0.0547532 0.0366886 0.0693079 -0.266762 0.223119 0.129293 0.310934 -0.10876 -0.230972 -0.359676 -0.279588 -0.331629 0.269226 0.300414 -0.221254 0.205661 -0.222525 0.358947 0.316547 -0.415556 -0.360333 0.128351 0.214866
internal_weight=640 105 535 467 376 91 328 65 54 263 235 192 76 68 33 35 43 66 48 49 36 72 59 25 28 42 42 32 36 23 29 25
internal_count=640 105 535 467 376 91 328 65 54 263 235 192 76 68 33 35 43 66 48 49 36 72 59 25 28 42 42 32 36 23 29 25
is_linear=0
shrinkage=0.02


Tree=18
num_leaves=34
num_cat=0
split_feature=0 1 0 1 0 0 0 8 1 0 8 8 3 0 1 0 1 0 0 0 1 1 0 0 8 11 8 8 1 1 5 8 8
split_gain=7499.29 7887.73 6923.11 6455.09 14044.9 10438.1 6060.02 4522.32 5518.33 3773.94 3168.04 2696.35 2943.81 1485.06 1350.41 1782.05 1646.55 1611.31 1081.39 887.369 1075.57 881.918 2326.58 761.211 1212.61 762.87 731.857 597.208 404.385 574.754 353.414 159.177 73.3333
threshold=1.192054902918031 1.4521809015154281 0.79540249561207932 0.67303894806186471 -0.93359517726001806 -1.6319746294397277 -0.68950138814866302 1.010097284652373 -1.0334500257579424 1.0000000180025095e-35 0.49027645675335985 0.50032453421413803 0.037377869129561626 1.4768309902146117 0.12238316539900553 0.93101015622949868 -0.27392937223727987 1.1496775089750872 1.4090271599059019 -1.0081793905995986 0.52683727505251243 0.6538249607711687 1.3005410314119665 -1.3353328718391231 -1.5084732187077459 -1.3613513061092639 -1.2462590414351533 -0.86633788245910681 0.32894095353386293 0.14965148377840615 -1.6327797999250018 0.38851313885214334 -1.0515331950582598
decision_type=2 2 2 2 2 2 2 2 2 2 2 2 2 2 2 2 2 2 2 2 2 2 2 2 2 2 2 2 2 2 2 2 2
left_child=2 13 3 4 19 -5 10 11 9 -9 31 -8 -13 18 15 16 -4 -16 21 20 28 -2 -23 24 25 -7 -26 -24 29 -1 -3 -6 -28
right_child=1 30 14 5 6 23 7 8 -10 -11 -12 12 -14 -15 17 -17 -18 -19 -20 -21 -22 22 27 -25 26 -27 32 -29 -30 -31 -32 -33 -34
leaf_value=-0.46818830320150528 -0.13130716105453841 0.029035274014614587 0.30966062623854962 -0.2620904386480441 0.077699929704057397 0.28241880937056102 -0.38379365036079477 0.15940427730271087 0.50449353845269829 -0.075997770838896153 0.50820142869730944 -0.085915078451141214 0.25284560212143903 -0.48838340695541682 -0.019891151522997738 0.46325390411528533 -0.013194273391572553 0.30258268450746445 -0.088181830512152767 -0.15812938363098902 -0.1861373589255593 -0.56667882324339036 -0.30326945149306717 0.12388200124711482 0.4733024542852744 0.045665176693755798 0.24557574538497234 -0.10506036208556573 -0.49956922050650798 -0.26175797688142033 0.17625832914681958 0.18034367080207347 0.32852490777367921
leaf_weight=10.000000000000002 12.999999999999998 10.000000000000002 17 19 14.000000000000002 12.000000000000002 10.999999999999998 52 10.999999999999998 57 12.999999999999998 136 10.999999999999998 9.9999999999999982 16.000000000000004 14.999999999999998 10.000000000000002 9.9999999999999982 17 11.999999999999998 11.999999999999998 10.999999999999998 13.999999999999995 12.999999999999998 14.999999999999995 9.9999999999999982 10.999999999999998 11.000000000000005 12.999999999999998 12.999999999999998 19 10.999999999999998 11.000000000000005
leaf_count=10 13 10 17 19 14 12 11 52 11 57 13 136 11 10 16 15 10 10 17 12 12 11 14 13 15 10 11 11 13 13 19 11 11
internal_value=-2.92246e-05 -0.154484 0.0303058 0.00283174 -0.0337546 0.153884 0.0195369 -0.0128738 0.079645 0.0363381 0.256085 -0.0831535 -0.0604042 -0.261473 0.218692 0.288766 0.19044 0.104783 -0.226391 -0.314005 -0.352544 -0.274043 -0.325053 0.26388 0.294448 0.175542 0.364458 -0.216863 -0.407315 -0.353192 0.1258 0.123442 0.288394
internal_weight=640 105 535 467 376 91 316 278 120 109 38 158 147 76 68 42 27 26 66 60 48 49 36 72 59 22 37 25 36 23 29 25 22
internal_count=640 105 535 467 376 91 316 278 120 109 38 158 147 76 68 42 27 26 66 60 48 49 36 72 59 22 37 25 36 23 29 25 22
is_linear=0
shrinkage=0.02


Tree=19
num_leaves=35
num_cat=0
split_feature=0 1 0 1 0 0 0 1 0 8 8 8 8 0 1 0 1 0 0 1 1 0 0 8 1 8 1 8 1 1 8 1 8 8
split_gain=7205.16 7577.8 6650.66 6201.52 13493.7 10027.5 5851.61 4207.81 3967.12 3649.44 3465.13 1711.03 6068.07 1426.89 1315.87 2098.11 1841.75 1038.96 852.503 1033.31 847.281 2235.31 731.295 1164.9 766.054 702.909 647.74 573.679 388.391 552.252 339.954 254.867 152.927 70.4272
threshold=1.192054902918031 1.4521809015154281 0.79540249561207932 0.67303894806186471 -0.93359517726001806 -1.6319746294397277 0.44621276952222427 -0.57817666292503656 -0.6216975578399534 0.49027645675335985 0.74639805015766292 0.50032453421413803 0.6035531545765126 1.4768309902146117 -0.014034288174968539 1.1106903065475795 -0.19175487388753545 1.4090271599059019 -1.0081793905995986 0.52683727505251243 0.6538249607711687 1.3005410314119665 -1.3353328718391231 -1.5084732187077459 1.7167923221758088 -1.2462590414351533 -0.77779359184051766 -0.86633788245910681 0.32894095353386293 0.14965148377840615 -1.8567464774925679 -0.32609331399294578 0.38851313885214334 -1.0515331950582598
decision_type=2 2 2 2 2 2 2 2 2 2 2 2 2 2 2 2 2 2 2 2 2 2 2 2 2 2 2 2 2 2 2 2 2 2
left_child=2 13 3 4 18 -5 7 8 -6 32 -10 -8 -13 17 16 -16 31 20 19 28 -2 -22 23 24 -7 -25 -14 -23 29 -1 -3 -4 -9 -27
right_child=1 30 14 5 6 22 11 9 10 -11 -12 12 26 -15 15 -17 -18 -19 -20 -21 21 27 -24 25 -26 33 -28 -29 -30 -31 -32 -33 -34 -35
leaf_value=-0.45891726125584953 -0.12870103413822087 0.041194198072449222 0.27330990893781676 -0.25687605356826831 -0.3580794961381667 0.063329927901591143 -0.37618692793287672 0.076156947562035088 0.37626982318468327 0.54489022909117135 0.027280251305280782 0.29189109124427981 -0.14038703113659476 -0.47871244487195908 -0.06240376861382884 0.25949145706536253 0.52839148153172855 -0.08642852537813242 -0.15499294872618904 -0.18244537511147743 -0.5554473513096303 -0.29724708695783691 0.12142328735526282 0.46389909921102979 0.30052279330716275 0.24070846832550324 -0.29881338973543531 -0.10297808724480702 -0.48965408230555874 -0.25656279017907063 0.18061726729075112 0.14312479616121479 0.17676929259085442 0.32201360101098397
leaf_weight=10.000000000000002 12.999999999999998 12.000000000000002 11.999999999999998 19 9.9999999999999982 12.000000000000002 10.999999999999998 14.000000000000002 11.999999999999998 11.999999999999998 192 11.999999999999998 21.999999999999996 9.9999999999999982 13.999999999999998 19 9.9999999999999982 17 11.999999999999998 11.999999999999998 10.999999999999998 13.999999999999995 12.999999999999998 14.999999999999995 9.9999999999999982 10.999999999999998 20.000000000000004 11.000000000000005 12.999999999999998 12.999999999999998 17 13.000000000000002 10.999999999999998 11.000000000000005
leaf_count=10 13 12 12 19 10 12 11 14 12 12 192 12 22 10 14 19 10 17 12 12 11 14 13 15 10 11 20 11 13 13 17 13 11 11
internal_value=-2.74675e-05 -0.151423 0.0297066 0.00277862 -0.0330818 0.150834 0.0191535 0.0629587 0.0288501 0.259599 0.0479882 -0.149823 -0.103084 -0.256289 0.214348 0.123124 0.299736 -0.2219 -0.307779 -0.345553 -0.268609 -0.318607 0.258645 0.288607 0.172062 0.357226 -0.216382 -0.212559 -0.399238 -0.346192 0.123299 0.206493 0.120994 0.282679
internal_weight=640 105 535 467 376 91 316 251 214 37 204 65 54 76 68 33 35 66 60 48 49 36 72 59 22 37 42 25 36 23 29 25 25 22
internal_count=640 105 535 467 376 91 316 251 214 37 204 65 54 76 68 33 35 66 60 48 49 36 72 59 22 37 42 25 36 23 29 25 25 22
is_linear=0
shrinkage=0.02


Tree=20
num_leaves=35
num_cat=0
split_feature=0 1 0 1 0 0 0 1 0 0 8 0 8 8 0 1 0 1 0 0 0 1 1 0 0 0 1 8 1 0 1 1 5 8
split_gain=6922.35 7280.1 6389.38 5958.25 12963.8 9633.12 5621.15 4042.73 3956 4106.29 3506.07 2427.81 1644.03 5829.41 1371 1278.76 1706.87 1579.01 1521.13 998.187 819.007 992.706 814.004 2147.63 702.568 1125.55 622.205 551.076 534.594 1233.55 373.731 1312.83 327.882 146.923
threshold=1.192054902918031 1.4521809015154281 0.79540249561207932 0.67303894806186471 -0.93359517726001806 -1.6319746294397277 0.44621276952222427 -0.57817666292503656 -0.29962936387358236 -0.20978928871454205 0.49027645675335985 -0.54541824874265499 0.50032453421413803 0.6035531545765126 1.4768309902146117 0.12238316539900553 0.93101015622949868 -0.27392937223727987 1.1496775089750872 1.4090271599059019 -1.0081793905995986 0.52683727505251243 0.6538249607711687 1.3005410314119665 -1.3353328718391231 -1.5573904161001473 -0.77779359184051766 -0.86633788245910681 1.4739236651744319 -1.4438190003330582 0.35607764383332763 0.24883029631728762 -1.6327797999250018 0.38851313885214334
decision_type=2 2 2 2 2 2 2 2 2 2 2 2 2 2 2 2 2 2 2 2 2 2 2 2 2 2 2 2 2 2 2 2 2 2
left_child=2 14 3 4 20 -5 7 8 11 -10 33 -6 -8 -14 19 16 17 -4 -17 22 21 30 -2 -24 25 -7 -15 -25 29 -27 31 -1 -3 -9
right_child=1 32 15 5 6 24 12 10 9 -11 -12 -13 13 26 -16 18 -18 -19 -20 -21 -22 -23 23 27 -26 28 -28 -29 -30 -31 -32 -33 -34 -35
leaf_value=-0.46026631669228102 -0.12614667353739267 0.027644607241791061 0.29883072105764641 -0.25176544758661878 0.048906010090280651 0.14426027900294253 -0.36873095606898404 0.074644616580178541 0.39028921569356267 0.051005066530180776 0.53408251391954653 -0.18761498995004286 0.28610149367781712 -0.13759197396929987 -0.46923297433569877 -0.021854296915279403 0.44902993315892503 -0.017292973924391334 0.29145246298006267 -0.08471005361679701 -0.15191869855296516 -0.17882663033225321 -0.54443850186494014 -0.29134429441276177 0.11901334580574328 0.14478659258543997 -0.29286685032631027 -0.10093707900863505 0.46811423953216852 0.39915616819371713 -0.49892094196659509 -0.16587290471143065 0.1694501694085086 0.1732657642192669
leaf_weight=16.000000000000004 12.999999999999998 10.000000000000002 17 19 29 17 10.999999999999998 14.000000000000002 15.999999999999998 126 11.999999999999998 43 11.999999999999998 21.999999999999996 9.9999999999999982 16.000000000000004 14.999999999999998 10.000000000000002 9.9999999999999982 17 11.999999999999998 11.999999999999998 10.999999999999998 13.999999999999995 12.999999999999998 12.999999999999995 20.000000000000004 11.000000000000005 9.9999999999999982 19.000000000000004 9.9999999999999982 9.9999999999999982 19 10.999999999999998
leaf_count=16 13 10 17 19 29 17 11 14 16 126 12 43 12 22 10 16 15 10 10 17 12 12 11 14 13 13 20 11 10 19 10 10 19 11
internal_value=-2.76439e-05 -0.148423 0.0291171 0.00272323 -0.0324268 0.147846 0.0187725 0.0617065 0.0282735 0.0894891 0.254451 -0.0924 -0.146843 -0.101027 -0.251208 0.210096 0.278283 0.182079 0.099265 -0.217499 -0.301676 -0.338701 -0.263282 -0.312289 0.253515 0.282883 -0.212076 -0.208341 0.338493 0.296623 -0.391321 -0.348146 0.120849 0.118595
internal_weight=640 105 535 467 376 91 316 251 214 142 37 72 65 54 76 68 42 27 26 66 60 48 49 36 72 59 42 25 42 32 36 26 29 25
internal_count=640 105 535 467 376 91 316 251 214 142 37 72 65 54 76 68 42 27 26 66 60 48 49 36 72 59 42 25 42 32 36 26 29 25
is_linear=0
shrinkage=0.02


Tree=21
num_leaves=35
num_cat=0
split_feature=0 1 0 1 0 0 0 1 0 8 8 8 8 0 1 0 1 0 0 1 1 0 0 8 1 8 1 8 1 1 8 1 8 8
split_gain=6650.66 6994.05 6138.09 5724.11 12454.7 9254.01 5399.88 3884.05 3819.63 3368.32 3320.27 1579.65 5600.14 1317.29 1244.37 2033.58 1735.18 959.017 786.806 953.672 782.034 2063.38 674.905 1094.5 753.65 694.184 597.677 529.364 368.736 514.362 315.414 230.011 141.154 65.6449
threshold=1.192054902918031 1.4521809015154281 0.79540249561207932 0.67303894806186471 -0.93359517726001806 -1.6319746294397277 0.44621276952222427 -0.57817666292503656 -0.6216975578399534 0.49027645675335985 0.74639805015766292 0.50032453421413803 0.6035531545765126 1.4768309902146117 -0.014034288174968539 1.1106903065475795 -0.19175487388753545 1.4090271599059019 -1.0081793905995986 0.52683727505251243 0.6538249607711687 1.3005410314119665 -1.3353328718391231 -1.5084732187077459 1.7167923221758088 -1.2462590414351533 -0.77779359184051766 -0.86633788245910681 0.32894095353386293 0.14965148377840615 -1.8567464774925679 -0.32609331399294578 0.38851313885214334 -1.0515331950582598
decision_type=2 2 2 2 2 2 2 2 2 2 2 2 2 2 2 2 2 2 2 2 2 2 2 2 2 2 2 2 2 2 2 2 2 2
left_child=2 13 3 4 18 -5 7 8 -6 32 -10 -8 -13 17 16 -16 31 20 19 28 -2 -22 23 24 -7 -25 -14 -23 29 -1 -3 -4 -9 -27
right_child=1 30 14 5 6 22 11 9 10 -11 -12 12 26 -15 15 -17 -18 -19 -20 -21 21 27 -24 25 -26 33 -28 -29 -30 -31 -32 -33 -34 -35
leaf_value=-0.44071560699160722 -0.1236429858025704 0.039360033303252911 0.26196164820805068 -0.24675648806606909 -0.35195724695035729 0.056535972563688412 -0.36142279856913795 0.073162314164723047 0.36783657105501039 0.52348912325772379 0.026219973572835769 0.28042675160179453 -0.13485260134908408 -0.45994125866653895 -0.065406016525647329 0.25148290109884047 0.51088342373914064 -0.083025762714140597 -0.14890543521189495 -0.17527965466838238 -0.53364780735325168 -0.28555874141395521 0.11665127497592956 0.4496647553096545 0.29171520119846456 0.22940143928871501 -0.28703866189985122 -0.098936523746799718 -0.4715589347413478 -0.24548183717800459 0.17365686664804378 0.13821422081867243 0.16983166247874767 0.30772012109155034
leaf_weight=10.000000000000002 12.999999999999998 12.000000000000002 11.999999999999998 19 9.9999999999999982 12.000000000000002 10.999999999999998 14.000000000000002 11.999999999999998 11.999999999999998 192 11.999999999999998 21.999999999999996 9.9999999999999982 13.999999999999998 19 9.9999999999999982 17 11.999999999999998 11.999999999999998 10.999999999999998 13.999999999999995 12.999999999999998 14.999999999999995 9.9999999999999982 10.999999999999998 20.000000000000004 11.000000000000005 12.999999999999998 12.999999999999998 17 13.000000000000002 10.999999999999998 11.000000000000005
leaf_count=10 13 12 12 19 10 12 11 14 12 12 192 12 22 10 14 19 10 17 12 12 11 14 13 15 10 11 20 11 13 13 17 13 11 11
internal_value=-2.79712e-05 -0.145482 0.028539 0.0026694 -0.031783 0.144912 0.0184008 0.0604813 0.0277109 0.249405 0.0464903 -0.143922 -0.0990121 -0.246228 0.205923 0.117224 0.288953 -0.213185 -0.295692 -0.331982 -0.258061 -0.306096 0.248482 0.277266 0.164317 0.343773 -0.207856 -0.204206 -0.383558 -0.33195 0.118446 0.19846 0.116244 0.269821
internal_weight=640 105 535 467 376 91 316 251 214 37 204 65 54 76 68 33 35 66 60 48 49 36 72 59 22 37 42 25 36 23 29 25 25 22
internal_count=640 105 535 467 376 91 316 251 214 37 204 65 54 76 68 33 35 66 60 48 49 36 72 59 22 37 42 25 36 23 29 25 25 22
is_linear=0
shrinkage=0.02


Tree=22
num_leaves=34
num_cat=0
split_feature=0 1 0 1 0 0 0 1 0 5 8 0 8 8 0 1 0 1 0 0 0 1 0 1 0 0 1 1 0 1 1 5 8
split_gain=6389.62 6719.29 5896.95 5499.58 11965.6 8890.04 5187.21 3731.68 3803.52 3963.81 3235.99 2327.51 1517.79 5379.89 1265.69 1211.2 1635.23 1514.57 1435.65 921.385 764.352 1474.43 755.89 916.2 648.392 1055.97 574.114 524.337 1209.66 354.151 494.223 304.193 135.611
threshold=1.192054902918031 1.4521809015154281 0.79540249561207932 0.67303894806186471 -0.93359517726001806 -1.6319746294397277 0.44621276952222427 -0.57817666292503656 -0.29962936387358236 0.24538629962628963 0.49027645675335985 -0.54541824874265499 0.50032453421413803 0.6035531545765126 1.4768309902146117 0.12238316539900553 0.93101015622949868 -0.27392937223727987 1.1496775089750872 1.4090271599059019 1.3208821805045794 0.72641482045909789 -1.0081793905995986 0.52683727505251243 -1.3353328718391231 -1.5573904161001473 -0.77779359184051766 1.4739236651744319 -1.4438190003330582 0.32894095353386293 0.14965148377840615 -1.6327797999250018 0.38851313885214334
decision_type=2 2 2 2 2 2 2 2 2 2 2 2 2 2 2 2 2 2 2 2 2 2 2 2 2 2 2 2 2 2 2 2 2
left_child=2 14 3 4 22 -5 7 8 11 -10 32 -6 -8 -14 19 16 17 -4 -17 20 21 -2 23 29 25 -7 -15 28 -27 30 -1 -3 -9
right_child=1 31 15 5 6 24 12 10 9 -11 -12 -13 13 26 -16 18 -18 -19 -20 -21 -22 -23 -24 -25 -26 27 -28 -29 -30 -31 -32 -33 -34
leaf_value=-0.43198855692797355 -0.30075573716488174 0.026317773384622999 0.28840411233623126 -0.2418472124768801 0.047190358761659605 0.13751719982303373 -0.35425945221840799 0.071709453569236359 0.057907134688866137 0.46910624589070232 0.51310588615984953 -0.18439457165392811 0.27486457146888921 -0.1321677585640644 -0.45083349615040391 -0.02366278683917122 0.43530187458392006 -0.02116336765855845 0.28070128827992052 -0.081374949405067842 -0.35689873373969477 -0.017620956720399462 -0.14595194618564009 -0.1718030308100803 0.11433603446902212 0.1339971598050067 -0.28132643362775955 0.45383277402065764 0.38574872161705442 -0.46219974478237502 -0.24060966870256964 0.16290520299791664 0.16646562473194021
leaf_weight=10.000000000000002 19.000000000000004 10.000000000000002 17 19 29 17 10.999999999999998 14.000000000000002 132 9.9999999999999982 11.999999999999998 43 11.999999999999998 21.999999999999996 9.9999999999999982 16.000000000000004 14.999999999999998 10.000000000000002 9.9999999999999982 17 18 11.999999999999998 11.999999999999998 11.999999999999998 12.999999999999998 12.999999999999995 20.000000000000004 9.9999999999999982 19.000000000000004 12.999999999999998 12.999999999999998 19 10.999999999999998
leaf_count=10 19 10 17 19 29 17 11 14 132 10 12 43 12 22 10 16 15 10 10 17 18 12 12 12 13 13 20 10 19 13 13 19 11
internal_value=-2.8113e-05 -0.142599 0.0279726 0.00261619 -0.0311537 0.142041 0.0180348 0.0592783 0.0271571 0.0871816 0.24446 -0.0911674 -0.14106 -0.0970371 -0.241346 0.201837 0.268195 0.174058 0.093989 -0.208957 -0.252943 -0.191596 -0.289829 -0.325399 0.243554 0.271767 -0.203719 0.325626 0.284242 -0.375953 -0.325371 0.116093 0.113939
internal_weight=640 105 535 467 376 91 316 251 214 142 37 72 65 54 76 68 42 27 26 66 49 31 60 48 72 59 42 42 32 36 23 29 25
internal_count=640 105 535 467 376 91 316 251 214 142 37 72 65 54 76 68 42 27 26 66 49 31 60 48 72 59 42 42 32 36 23 29 25
is_linear=0
shrinkage=0.02


Tree=23
num_leaves=35
num_cat=0
split_feature=0 0 0 1 0 0 0 1 0 8 8 8 8 1 0 1 5 0 1 0 8 11 1 0 0 1 11 1 0 1 1 1 8 8
split_gain=6138.36 6515.9 5665.02 5283.45 11495.9 8540.17 4983.06 3585.17 3677.56 3181.52 3108.85 1458.35 5168.3 1176.83 1970.99 1634.5 1048.33 726.188 880.2 622.862 1028.59 764.26 685.41 579.453 2485.7 1010.65 996.377 551.481 548.559 340.142 474.871 207.16 130.286 61.1129
threshold=1.192054902918031 1.5717563526468055 0.79540249561207932 0.67303894806186471 -0.93359517726001806 -1.6319746294397277 0.44621276952222427 -0.57817666292503656 -0.6216975578399534 0.74639805015766292 0.49027645675335985 0.50032453421413803 0.6035531545765126 -0.014034288174968539 1.1106903065475795 -0.19175487388753545 -1.6327797999250018 -1.0081793905995986 0.52683727505251243 -1.3353328718391231 -1.5084732187077459 -1.3613513061092639 1.2461494642924915 1.3005410314119665 1.2598587332267408 1.1556063738219942 1.3415057744535437 -0.77779359184051766 1.3547840956589343 0.32894095353386293 0.14965148377840615 -0.32609331399294578 0.38851313885214334 -1.0515331950582598
decision_type=2 2 2 2 2 2 2 2 2 2 2 2 2 2 2 2 2 2 2 2 2 2 2 2 2 2 2 2 2 2 2 2 2 2
left_child=2 23 3 4 17 -5 7 8 -6 -10 32 -8 -13 15 -15 31 -3 18 29 20 21 -7 33 24 -2 28 -27 -14 -25 30 -1 -4 -9 -22
right_child=1 16 13 5 6 19 11 10 9 -11 -12 12 27 14 -16 -17 -18 -19 -20 -21 22 -23 -24 25 -26 26 -28 -29 -30 -31 -32 -33 -34 -35
leaf_value=-0.42343430131968873 -0.12834165613702 0.025796632861146824 0.2510453183985939 -0.23703556555103877 -0.34592224999229509 0.26383731810514582 -0.34723810668464183 0.070285425727249037 0.35960464981961843 0.025202760810593899 0.50292856389825991 0.26941271608526057 -0.12953637008753296 -0.068194356133751841 0.24376331169567805 0.49395486472856881 0.3085261712417946 -0.14305702528677697 -0.1683953696243034 0.11206679027499135 0.21857009097262547 0.027121430954130568 0.4359507116418801 -0.19296164167688243 -0.54138592059069335 -0.36723700540107579 -0.133233084496651 -0.2757278985170582 -0.021626467971327879 -0.4530263186593092 -0.23583422027471412 0.13352796350726642 0.16316630509522587 0.29397572044853681
leaf_weight=10.000000000000002 14.000000000000002 10.000000000000002 11.999999999999998 19 9.9999999999999982 12.000000000000002 10.999999999999998 14.000000000000002 11.999999999999998 192 11.999999999999998 11.999999999999998 21.999999999999996 13.999999999999998 19 9.9999999999999982 10.999999999999998 11.999999999999998 11.999999999999998 12.999999999999998 10.999999999999998 9.9999999999999982 14.999999999999998 14.000000000000002 9.9999999999999982 17.000000000000004 12.999999999999998 20.000000000000004 15.999999999999998 12.999999999999998 12.999999999999998 13.000000000000002 10.999999999999998 11.000000000000002
leaf_count=10 14 10 12 19 10 12 11 14 12 192 12 12 22 14 19 10 11 12 12 13 11 10 15 14 10 17 13 20 16 13 13 13 11 11
internal_value=-2.71422e-05 -0.139767 0.0274175 0.00256467 -0.030535 0.139222 0.0176783 0.0581022 0.0266177 0.0450449 0.239612 -0.138254 -0.0951015 0.197829 0.111581 0.27857 0.174701 -0.284082 -0.318947 0.238718 0.26637 0.156894 0.330839 -0.21851 -0.302017 -0.184643 -0.266648 -0.199665 -0.101992 -0.368497 -0.318923 0.190752 0.11168 0.257478
internal_weight=640 105 535 467 376 91 316 251 214 204 37 65 54 68 33 35 21 60 48 72 59 22 37 84 24 60 30 42 30 36 23 25 25 22
internal_count=640 105 535 467 376 91 316 251 214 204 37 65 54 68 33 35 21 60 48 72 59 22 37 84 24 60 30 42 30 36 23 25 25 22
is_linear=0
shrinkage=0.02


Tree=24
num_leaves=36
num_cat=0
split_feature=2 1 2 1 1 1 2 1 1 2 1 1 8 8 1 1 1 1 5 1 10 8 2 2 8 1 1 1 2 1 11 1 1 1 8
split_gain=5897.05 6260.05 5442.48 5076.15 11044.5 8204.24 4588.46 2217.43 4179.04 3656.85 3851.24 2231.49 1401.24 4965.03 1147.47 1566.94 1453.06 1354.64 1007.17 672.835 632.586 659.402 1018.92 598.381 988.12 766.23 658.309 556.794 2388.29 970.838 957.082 529.739 526.981 465.84 58.6893
threshold=0.89528345244191165 1.7167923221758088 0.28206110187303857 0.67303894806186471 -0.089312637272402906 1.8702121530450395 0.068738645692105929 -0.57817666292503656 -0.45517098891215274 0.0090902259592246914 -1.0663772217198206 -0.77779359184051766 0.50032453421413803 0.6035531545765126 0.12238316539900553 -0.14425190584653189 -0.27392937223727987 0.35607764383332763 -1.6327797999250018 -0.27392937223727987 -0.08856312927190281 -0.36458873518775509 -0.90832174774208241 -1.2031084067474509 -1.5084732187077459 1.7167923221758088 1.2461494642924915 0.77678648974436804 1.0526159776351414 1.1556063738219942 1.3415057744535437 -0.77779359184051766 0.93860493458949279 0.24883029631728762 -1.0515331950582598
decision_type=2 2 2 2 2 2 2 2 2 2 2 2 2 2 2 2 2 2 2 2 2 2 2 2 2 2 2 2 2 2 2 2 2 2 2
left_child=2 27 3 4 6 23 7 9 -9 11 -11 -1 -8 -14 15 16 -4 -16 -3 -10 21 22 -6 24 25 -5 34 28 -2 32 -31 -15 -29 -23 -26
right_child=1 18 14 5 20 -7 12 8 19 10 -12 -13 13 31 17 -17 -18 -19 -20 -21 -22 33 -24 -25 26 -27 -28 29 -30 30 -32 -33 -34 -35 -36
leaf_value=-0.18121812570952484 -0.12579302713380636 0.025285784466431864 0.27836547415158897 0.045230924905824255 -0.20305155797047655 -0.23231968350435422 -0.34035589965614116 0.43839893157437715 0.14216721030306226 0.0068997246923352441 0.22388781710263569 0.045540205031326136 0.2640689939703823 -0.1269573445341706 -0.025324777283283483 0.42205179828681694 -0.02481583548064278 0.27031583351664024 0.30241124136759356 -0.058010355147304911 -0.43085441709638717 -0.27211520169232323 -0.48476078193966721 0.10984255241073726 0.21423807779947918 0.28220973855198017 0.42728943423719595 -0.18912977286264401 -0.53066541879483975 -0.35993522002683037 -0.13058877711987679 -0.27024078886307284 -0.021196612082653162 -0.087120543643160991 0.28814917246500643
leaf_weight=43 14.000000000000002 10.000000000000002 17 12.000000000000002 11.000000000000002 19 10.999999999999998 15.999999999999998 11.999999999999998 91 51 29 11.999999999999998 21.999999999999996 16.000000000000004 14.999999999999998 10.000000000000002 9.9999999999999982 10.999999999999998 15.000000000000002 10.999999999999998 11.000000000000005 9.9999999999999947 12.999999999999998 10.999999999999998 9.9999999999999982 14.999999999999998 14.000000000000002 9.9999999999999982 17.000000000000004 12.999999999999998 20.000000000000004 15.999999999999998 10.999999999999998 11.000000000000002
leaf_count=43 14 10 17 12 11 19 11 16 12 91 51 29 12 22 16 15 10 10 11 15 11 11 10 13 11 10 15 14 10 17 13 20 16 11 11
internal_value=-2.65817e-05 -0.136992 0.0268732 0.00251335 -0.0299304 0.136463 0.0144866 0.0524638 0.183352 0.0260857 0.0849418 -0.0899346 -0.135504 -0.0932045 0.193904 0.258489 0.166362 0.0889449 0.171239 0.0311169 -0.294343 -0.25848 -0.338908 0.233982 0.261086 0.153783 0.324274 -0.214174 -0.296033 -0.180975 -0.261349 -0.195691 -0.0999666 -0.180476 0.252375
internal_weight=640 105 535 467 376 91 322 257 43 214 142 72 65 54 68 42 27 26 21 27 54 43 21 72 59 22 37 84 24 60 30 42 30 22 22
internal_count=640 105 535 467 376 91 322 257 43 214 142 72 65 54 68 42 27 26 21 27 54 43 21 72 59 22 37 84 24 60 30 42 30 22 22
is_linear=0
shrinkage=0.02


Tree=25
num_leaves=34
num_cat=0
split_feature=0 0 0 1 0 0 0 0 5 0 8 8 0 1 0 1 1 5 1 0 8 0 0 1 11 1 0 1 1 0 1 1 1
split_gain=5665.14 6014.25 5228.51 4877.11 10640.8 7886.35 4221.62 1703.29 2580.21 2834.35 1346.36 4769.76 1159.57 1113.04 1910.29 1539.4 1102.32 967.62 834.915 825.167 565.128 535.021 2294.69 932.595 919.337 508.854 506.252 500.336 747.658 658.984 315.723 438.705 186.175
threshold=1.192054902918031 1.5717563526468055 0.79540249561207932 0.67303894806186471 -1.0081793905995986 -1.6065481930739618 0.44621276952222427 0.30212963011621613 -0.059730936762917887 -0.1792775650756227 0.50032453421413803 0.6035531545765126 0.19194840586456288 -0.014034288174968539 1.1106903065475795 -0.19175487388753545 2.0453130090808456 -1.6327797999250018 0.52683727505251243 -1.3353328718391231 0.96759510419378969 1.3005410314119665 1.2598587332267408 1.1556063738219942 1.3415057744535437 -0.77779359184051766 1.3547840956589343 1.1979082975714308 1.4739236651744319 -1.5573904161001473 0.32894095353386293 0.14965148377840615 -0.32609331399294578
decision_type=2 2 2 2 2 2 2 2 2 2 2 2 2 2 2 2 2 2 2 2 2 2 2 2 2 2 2 2 2 2 2 2 2
left_child=2 21 3 4 18 16 7 8 12 -10 -8 -12 -6 15 -15 32 -5 -3 30 27 -9 22 -2 26 -25 -13 -23 -7 -29 -30 31 -1 -4
right_child=1 17 13 5 6 19 10 20 9 -11 11 25 -14 14 -16 -17 -18 -19 -20 -21 -22 23 -24 24 -26 -27 -28 28 29 -31 -32 -33 -34
leaf_value=-0.40808937894235725 -0.12329500577128523 0.024785096007998619 0.24054460212218862 -0.047934086843831651 -0.20251516718092796 0.37332407092521203 -0.33361010886527398 0.10937194249487869 0.017637862919496396 0.19754656140044041 0.25883126881496965 -0.12442968736946312 0.0063472743558634012 -0.070779279546534776 0.23632167516578551 0.47758590802697853 -0.31132171467617825 0.29641749895907737 -0.16056219183709011 0.10766246711934796 0.29052736269608709 -0.18537400320066624 -0.52015718554506207 -0.35277861539383365 -0.12799693602642032 -0.26486286281946281 -0.020775322232927593 0.1268539464389179 0.20063058588764457 0.43370767952191935 -0.43684208840814259 -0.22772981367038406 0.12905596478294779
leaf_weight=10.000000000000002 14.000000000000002 10.000000000000002 11.999999999999998 15.000000000000002 24 18 10.999999999999998 15.000000000000002 146 46 11.999999999999998 21.999999999999996 19 13.999999999999998 19 9.9999999999999982 10.999999999999998 10.999999999999998 11.999999999999998 12.999999999999998 12.999999999999998 14.000000000000002 9.9999999999999982 17.000000000000004 12.999999999999998 20.000000000000004 15.999999999999998 13.999999999999998 9.9999999999999982 10.000000000000002 12.999999999999998 12.999999999999998 13.000000000000002
leaf_count=10 14 10 12 15 24 18 11 15 146 46 12 22 19 14 19 10 11 11 12 13 13 14 10 17 13 20 16 14 10 10 13 13 13
internal_value=-2.70457e-05 -0.134272 0.0263384 0.00246222 -0.0293391 0.13376 0.0113928 0.0470727 0.0294573 0.0608266 -0.132809 -0.0913453 -0.110403 0.190053 0.106186 0.268571 -0.160171 0.167847 -0.307139 0.251413 0.19425 -0.209924 -0.290168 -0.17738 -0.256155 -0.191797 -0.0979819 0.287056 0.240395 0.318797 -0.35539 -0.307617 0.183355
internal_weight=640 105 535 467 376 91 328 263 235 192 65 54 43 68 33 35 26 21 48 65 28 84 24 60 30 42 30 52 34 20 36 23 25
internal_count=640 105 535 467 376 91 328 263 235 192 65 54 43 68 33 35 26 21 48 65 28 84 24 60 30 42 30 52 34 20 36 23 25
is_linear=0
shrinkage=0.02


end of trees

feature_importances:
Column_0=363
Column_1=305
Column_8=114
Column_5=35
Column_3=21
Column_2=15
Column_11=5
Column_10=3

parameters:
[boosting: gbdt]
[objective: regression]
[metric: l2]
[tree_learner: serial]
[device_type: cpu]
[data_sample_strategy: goss]
[data: ]
[valid: ]
[num_iterations: 3000]
[learning_rate: 0.02]
[num_leaves: 63]
[num_threads: -1]
[seed: 42]
[deterministic: 0]
[force_col_wise: 0]
[force_row_wise: 0]
[histogram_pool_size: -1]
[max_depth: 8]
[min_data_in_leaf: 10]
[min_sum_hessian_in_leaf: 0.001]
[bagging_fraction: 1]
[pos_bagging_fraction: 1]
[neg_bagging_fraction: 1]
[bagging_freq: 0]
[bagging_seed: 400]
[bagging_by_query: 0]
[feature_fraction: 0.9]
[feature_fraction_bynode: 1]
[feature_fraction_seed: 30056]
[extra_trees: 0]
[extra_seed: 12879]
[early_stopping_round: 100]
[early_stopping_min_delta: 0]
[first_metric_only: 0]
[max_delta_step: 0]
[lambda_l1: 0.05]
[lambda_l2: 0.1]
[linear_lambda: 0]
[min_gain_to_split: 0]
[drop_rate: 0.1]
[max_drop: 50]
[skip_drop: 0.5]
[xgboost_dart_mode: 0]
[uniform_drop: 0]
[drop_seed: 17869]
[top_rate: 0.3]
[other_rate: 0.1]
[min_data_per_group: 100]
[max_cat_threshold: 32]
[cat_l2: 10]
[cat_smooth: 10]
[max_cat_to_onehot: 4]
[top_k: 20]
[monotone_constraints: ]
[monotone_constraints_method: basic]
[monotone_penalty: 0]
[feature_contri: ]
[forcedsplits_filename: ]
[refit_decay_rate: 0.9]
[cegb_tradeoff: 1]
[cegb_penalty_split: 0]
[cegb_penalty_feature_lazy: ]
[cegb_penalty_feature_coupled: ]
[path_smooth: 0]
[interaction_constraints: ]
[verbosity: -1]
[saved_feature_importance_type: 0]
[use_quantized_grad: 0]
[num_grad_quant_bins: 4]
[quant_train_renew_leaf: 0]
[stochastic_rounding: 1]
[linear_tree: 0]
[max_bin: 255]
[max_bin_by_feature: ]
[min_data_in_bin: 3]
[bin_construct_sample_cnt: 200000]
[data_random_seed: 175]
[is_enable_sparse: 1]
[enable_bundle: 1]
[use_missing: 1]
[zero_as_missing: 0]
[feature_pre_filter: 1]
[pre_partition: 0]
[two_round: 0]
[header: 0]
[label_column: ]
[weight_column: ]
[group_column: ]
[ignore_column: ]
[categorical_feature: ]
[forcedbins_filename: ]
[precise_float_parser: 0]
[parser_config_file: ]
[objective_seed: 16083]
[num_class: 1]
[is_unbalance: 0]
[scale_pos_weight: 1]
[sigmoid: 1]
[boost_from_average: 1]
[reg_sqrt: 0]
[alpha: 0.9]
[fair_c: 1]
[poisson_max_delta_step: 0.7]
[tweedie_variance_power: 1.5]
[lambdarank_truncation_level: 30]
[lambdarank_norm: 1]
[label_gain: ]
[lambdarank_position_bias_regularization: 0]
[eval_at: ]
[multi_error_top_k: 1]
[auc_mu_weights: ]
[num_machines: 1]
[local_listen_port: 12400]
[time_out: 120]
[machine_list_filename: ]
[machines: ]
[gpu_platform_id: -1]
[gpu_device_id: -1]
[gpu_use_dp: 0]
[num_gpu: 1]

end of parameters

pandas_categorical:null
