tree
version=v4
num_class=1
num_tree_per_iteration=1
label_index=0
max_feature_idx=12
objective=regression
feature_names=Column_0 Column_1 Column_2 Column_3 Column_4 Column_5 Column_6 Column_7 Column_8 Column_9 Column_10 Column_11 Column_12
feature_infos=[-1.7744211006197348:1.7505157481170406] [-1.0716838527634784:2.3026106154869574] [-2.7418702082714779:2.5936438791437775] [-3.1523562883706031:1.1269863235033242] [-1.9208929897863591:1.885130535323231] [-1.7505157481170424:1.7744211006197512] [-1.763338478808703:1.7604937811430672] [-1.7705688166401399:1.7470962348621575] [-2.3005912151908152:1.0724176420401306] [-1.6749031500558185:1.661966854428651] [-2.2511885352013365:1.0903640953322764] [-1.3603475092732171:1.3758197038712325] [-2.0842396856649499:1.1507559143249158]
tree_sizes=2682 2781 2863 2668 2856 2665 3069 2751 3024 2748 2715 2980 2072 2862 2522 2074 2614 2174 2182 2201 2503 2129

Tree=0
num_leaves=28
num_cat=0
split_feature=0 11 0 1 1 1 5 1 0 1 0 1 5 8 5 0 2 0 5 8 3 0 5 0 11 11 11
split_gain=52046.4 12169.5 6532.03 21840.2 6686.52 16769.9 13088.5 7884.44 7657.03 6590.71 5102.28 5063.72 4576.62 4434.32 3080.46 4863.23 4464.64 1747.17 1544.99 1163.35 607.816 526.357 375.789 69.4543 67.5794 56.5145 79.7322
threshold=1.4170757759392376 -1.3575891381936926 0.94602565651345216 0.47071812565222243 -0.92567187759432923 -0.80454214198581087 0.27835180746217308 -0.70230195378466098 -0.44066121190852253 -0.65839173664529971 -1.6773883044833366 -0.86818666414452672 -1.3059291185466602 0.75329709713476734 -0.2562106876165165 0.083315887228025132 -0.019836238426841669 0.22092603447600734 -1.6146698335260825 0.97237654377187044 1.0744944910620888 1.0801073384473838 -0.37970697360827971 1.0254161260795962 1.3654003910621912 1.3679034254638458 1.375513125648699
decision_type=2 2 2 2 2 2 2 2 2 2 2 2 2 2 2 2 2 2 2 2 2 2 2 2 2 2 2
left_child=1 -1 4 21 6 8 14 13 -6 -9 -11 22 -5 -7 19 16 -16 -17 20 -3 -2 23 -10 -4 -22 -20 -27
right_child=18 2 3 12 5 7 -8 9 11 10 -12 -13 -14 -15 15 17 -18 -19 25 -21 24 -23 -24 -25 -26 26 -28
leaf_value=420.20730655824951 419.34187193161199 419.7651100690515 420.27391958544081 419.69044016261768 418.86476183227001 420.21337772557456 420.26854822343557 419.29552419012458 419.34860895612218 419.32874080711269 419.69740493964127 419.7459294324795 419.18887636440019 419.69187716054489 419.68304616672549 419.56453947148844 420.09793571290169 419.2599116901124 419.08576977162323 420.0509332916165 419.20755555184422 420.07987669809171 419.18220149251795 420.16748984393507 419.1129885021416 418.94181331683927 419.06141243745788
leaf_weight=19 11.999999999999998 11.000000000000002 12.000000000000002 15.000000000000002 12.999999999999998 16.000000000000004 19 20 10.999999999999998 15.999999999999998 223 13.000000000000002 13.999999999999998 10.999999999999998 50 30 12.999999999999998 9.9999999999999982 11.999999999999998 11.999999999999998 12.000000000000002 21 12.999999999999998 9.9999999999999982 10.999999999999998 11.000000000000002 9.9999999999999982
leaf_count=19 12 11 12 15 13 16 19 20 11 16 223 13 14 11 50 30 13 10 12 12 12 21 13 10 11 11 10
internal_value=419.649 419.711 419.694 419.871 419.667 419.618 419.781 419.677 419.281 419.643 419.673 419.429 419.448 420.002 419.707 419.66 419.769 419.488 419.126 419.915 419.221 420.157 419.257 420.228 419.16 419.027 418.996
internal_weight=640 572 553 72 481 336 145 286 50 259 239 37 29 27 126 103 63 40 68 23 35 43 24 22 23 33 21
internal_count=640 572 553 72 481 336 145 286 50 259 239 37 29 27 126 103 63 40 68 23 35 43 24 22 23 33 21
is_linear=0
shrinkage=1


Tree=1
num_leaves=28
num_cat=0
split_feature=0 11 0 1 1 1 5 1 0 1 0 1 5 8 5 0 2 0 5 0 8 0 5 0 11 11 11
split_gain=50002.6 11690.1 6275.49 20981.5 6423.75 16110.6 12572.8 7574.39 7356 6330.84 4901.32 4864.83 4396.67 4259.72 2959.55 4671.99 4289.24 1678.77 1484.37 1117.62 583.934 505.943 360.941 66.619 64.8982 54.2845 76.5054
threshold=1.4170757759392376 -1.3575891381936926 0.94602565651345216 0.47071812565222243 -0.92567187759432923 -0.80454214198581087 0.27835180746217308 -0.70230195378466098 -0.44066121190852253 -0.65839173664529971 -1.6773883044833366 -0.86818666414452672 -1.3059291185466602 0.75329709713476734 -0.2562106876165165 0.083315887228025132 -0.019836238426841669 0.22092603447600734 -1.6146698335260825 0.30737343467025263 -1.8936264655400594 1.0801073384473838 -0.37970697360827971 1.0254161260795962 1.3654003910621912 1.3679034254638458 1.375513125648699
decision_type=2 2 2 2 2 2 2 2 2 2 2 2 2 2 2 2 2 2 2 2 2 2 2 2 2 2 2
left_child=1 -1 4 21 6 8 14 13 -6 -9 -11 22 -5 -7 19 16 -16 -17 20 -3 24 23 -10 -4 -2 -20 -27
right_child=18 2 3 12 5 7 -8 9 11 10 -12 -13 -14 -15 15 17 -18 -19 25 -21 -22 -23 -24 -25 -26 26 -28
leaf_value=0.54745481783182837 -0.43243260493948427 0.39421697837262104 0.61278042076047767 0.04087276105059693 -0.76841720435455563 0.55341618188419683 0.60747805185967085 -0.34618556245642512 -0.29418143229441596 -0.31363787319349207 0.047693146238982659 0.095261558521794895 -0.45073052189874313 0.042283268146686731 0.033622501001148643 -0.08252101135412325 0.44028145477061964 -0.38112764332849203 -0.55180278683496897 0.11406470496375283 -0.30078036127011637 0.4225559094053874 -0.45727789412927988 0.50847868437814248 -0.52513192357243721 -0.69291444562576887 -0.5756962364498931
leaf_weight=19 12.000000000000002 12.000000000000002 12.000000000000002 15.000000000000002 12.999999999999998 16.000000000000004 19 20 10.999999999999998 15.999999999999998 223 13.000000000000002 13.999999999999998 10.999999999999998 50 30 12.999999999999998 9.9999999999999982 11.999999999999998 10.999999999999998 11.999999999999998 21 12.999999999999998 9.9999999999999982 10.999999999999998 11.000000000000002 9.9999999999999982
leaf_count=19 12 12 12 15 13 16 19 20 11 16 223 13 14 11 50 30 13 10 12 11 12 21 13 10 11 11 10
internal_value=-3.89687e-06 0.0609772 0.044165 0.21817 0.0180764 -0.0299384 0.129289 0.0280034 -0.36078 -0.00527811 0.0233784 -0.215844 -0.197152 0.346138 0.056749 0.0108429 0.118117 -0.157962 -0.512313 0.261348 -0.418884 0.498102 -0.384098 0.567931 -0.478892 -0.60981 -0.640137
internal_weight=640 572 553 72 481 336 145 286 50 259 239 37 29 27 126 103 63 40 68 23 35 43 24 22 23 33 21
internal_count=640 572 553 72 481 336 145 286 50 259 239 37 29 27 126 103 63 40 68 23 35 43 24 22 23 33 21
is_linear=0
shrinkage=0.02


Tree=2
num_leaves=29
num_cat=0
split_feature=2 11 2 1 1 8 5 1 1 10 2 5 8 5 2 8 2 1 2 5 8 1 3 2 2 1 11 11
split_gain=48039.1 11229.7 6029.02 20156.6 6171.29 15488.9 12077.4 8459.24 6114.64 8398.95 6084.82 4223.8 3549.08 2843.38 4488.28 4133.11 2779.7 1613.05 1471.62 1426.13 1073.68 624.172 560.99 486.32 63.8984 62.3223 52.1415 73.4078
threshold=1.3666561201493825 -1.3575891381936926 0.39268058898337094 0.47071812565222243 -0.92567187759432923 0.79325970610722962 0.27835180746217308 -0.70230195378466098 -0.42817885922019644 0.17043775088642049 0.020585186429837823 -1.3059291185466602 0.47387844919562377 -0.2562106876165165 -0.019561225926433914 1.0715721578192754 -0.061541871460171919 -1.0193834329728688 0.039037849705004256 -1.6146698335260825 0.97237654377187044 -0.89332291473043979 1.0744944910620888 0.59411223247283396 0.50547984913086086 2.0103099715892756 1.3679034254638458 1.375513125648699
decision_type=2 2 2 2 2 2 2 2 2 2 2 2 2 2 2 2 2 2 2 2 2 2 2 2 2 2 2 2
left_child=1 -1 4 23 6 7 13 18 12 -10 16 -5 -9 20 15 -15 -7 -16 -6 22 -3 -18 -2 24 -4 -24 -21 -28
right_child=19 2 3 11 5 10 -8 8 9 -11 -12 -13 -14 14 17 -17 21 -19 -20 26 -22 -23 25 -25 -26 -27 27 -29
leaf_value=0.53656304632806029 -0.29481446321345561 0.11180397446091109 0.60062608119869998 0.040060712817488901 0.24048205032416264 -0.67513054397721961 0.5953920803269791 -0.46168725283091305 -0.033669711311688305 0.25662915659034313 0.070770265411686267 -0.4417798457585328 -0.096288634164947137 0.18616417009278205 -0.080876071080812975 -0.25537016512143729 -0.24394996365174554 -0.37358057583912763 0.55226551511266209 -0.54085792856768145 0.3863978034405669 -0.44602602486137854 -0.5147239052712379 0.41414484363031612 0.49840975978586932 -0.42385544020282334 -0.67918099424860479 -0.56429632125514562
leaf_weight=19 11.999999999999998 11.000000000000002 12.000000000000002 15.000000000000002 14.000000000000002 14.999999999999998 19 12.999999999999998 132 57 10.999999999999998 13.999999999999998 57 53 30 9.9999999999999982 14.999999999999998 9.9999999999999982 10.999999999999998 11.999999999999998 11.999999999999998 11.000000000000002 11.000000000000002 21 9.9999999999999982 11.999999999999998 11.000000000000002 9.9999999999999982
leaf_count=19 12 11 12 15 14 15 19 13 132 57 11 14 57 53 30 10 15 10 11 12 12 11 11 21 10 12 11 10
internal_value=-9.13224e-06 0.0597626 0.0432848 0.213839 0.0177136 -0.0293482 0.126719 0.028791 -0.00517726 0.0539649 -0.346343 -0.193236 -0.164724 0.0556224 0.010626 0.11577 -0.458175 -0.154826 0.37936 -0.502159 0.256166 -0.330863 -0.41058 0.488213 0.556675 -0.469398 -0.597725 -0.627455
internal_weight=640 572 553 72 481 336 145 284 259 189 52 29 70 126 103 63 41 40 25 68 23 26 35 43 22 23 33 21
internal_count=640 572 553 72 481 336 145 284 259 189 52 29 70 126 103 63 41 40 25 68 23 26 35 43 22 23 33 21
is_linear=0
shrinkage=0.02


Tree=3
num_leaves=27
num_cat=0
split_feature=0 11 0 1 1 8 1 5 0 1 8 0 5 5 0 2 0 0 5 0 3 0 0 0 11 11
split_gain=46152.7 10787.3 5792.23 19364.1 5927.91 14990.1 13160.6 11601.8 11337.9 6015.31 5728.39 4687.75 4057.72 2732.02 4311.21 4084.92 1810.26 1549.9 1370.17 1031.48 538.947 467.458 61.2874 59.8478 50.0818 70.4344
threshold=1.4170757759392376 -1.3575891381936926 0.94602565651345216 0.47071812565222243 -0.92567187759432923 0.76150087589654958 -0.70230195378466098 0.27835180746217308 0.43616241863310778 -0.65839173664529971 0.83055727652890998 -1.6773883044833366 -1.3059291185466602 -0.2562106876165165 0.083315887228025132 -0.019836238426841669 -0.43184004862339548 0.22092603447600734 -1.6146698335260825 0.30737343467025263 1.0744944910620888 1.0801073384473838 1.0254161260795962 1.6958245357492527 1.3679034254638458 1.375513125648699
decision_type=2 2 2 2 2 2 2 2 2 2 2 2 2 2 2 2 2 2 2 2 2 2 2 2 2 2
left_child=1 -1 4 21 7 6 -6 13 10 -8 -7 -11 -5 19 15 -15 -12 -16 20 -3 -2 22 -4 -22 -20 -26
right_child=18 2 3 12 5 8 9 -9 -10 11 16 -13 -14 14 17 -17 -18 -19 24 -21 23 -23 -24 -25 25 -27
leaf_value=0.52588797727804526 -0.28896689170648243 0.37873370738068879 0.58871283208043101 0.039264809469513537 0.5389227745233407 -0.87252181749086122 -0.33738010245176092 0.58354660273846537 0.17380051445453729 -0.30673488594730441 -0.11843669381472148 0.046635946176937247 -0.43300690914722195 0.030998149370242978 -0.079263955184391569 0.4278482003248375 -0.44220229713431669 -0.36618293431725835 -0.53013019672110062 0.10958803228429848 -0.50452216586551135 0.40590118939277681 0.4885402890951327 -0.41544838101410669 -0.66571974917575016 -0.55312212566337959
leaf_weight=19 11.999999999999998 12.000000000000002 12.000000000000002 15.000000000000002 19 10.999999999999998 20 19 13.999999999999998 15.999999999999998 9.9999999999999947 223 13.999999999999998 50 30 12.999999999999998 23.000000000000004 9.9999999999999982 11.999999999999998 10.999999999999998 11.000000000000002 21 9.9999999999999982 11.999999999999998 11.000000000000002 9.9999999999999982
leaf_count=19 12 12 12 15 19 11 20 19 14 16 10 223 14 50 30 13 23 10 12 11 11 21 10 12 11 10
internal_value=-1.413e-05 0.0585722 0.0424222 0.209594 0.0173582 -0.0287663 0.0322802 0.124193 -0.320938 -0.00507639 -0.478414 0.0228567 -0.189399 0.0545094 0.0104028 0.113452 -0.344776 -0.151753 -0.492206 0.251087 -0.402439 0.47852 0.545642 -0.460092 -0.585879 -0.615025
internal_weight=640 572 553 72 481 336 278 145 58 259 44 239 29 126 103 63 33 40 68 23 35 43 22 23 33 21
internal_count=640 572 553 72 481 336 278 145 58 259 44 239 29 126 103 63 33 40 68 23 35 43 22 23 33 21
is_linear=0
shrinkage=0.02


Tree=4
num_leaves=29
num_cat=0
split_feature=0 11 0 3 3 3 5 3 0 3 10 3 5 8 8 5 0 8 0 5 8 3 0 5 0 11 11 11
split_gain=44340.3 10362.4 5564.73 18602.8 5694.93 14415.3 11144.7 6823.64 6711.42 5786.47 8018.48 4336.23 3898.18 3825.19 3461.32 2624.79 4141.69 3934.93 1535 1316.4 990.927 517.77 449.326 354.609 58.7821 57.4707 48.1025 67.5801
threshold=1.4170757759392376 -1.3575891381936926 0.94602565651345216 0.74108758054479351 -0.74596919775590587 -0.37963769097561989 0.27835180746217308 -0.17323178783337248 -0.44066121190852253 0.18895481370881043 0.17043775088642049 -0.54802796588179048 -1.3059291185466602 0.75329709713476734 0.47387844919562377 -0.2562106876165165 0.083315887228025132 1.0715721578192754 0.1627063567941687 -1.6146698335260825 0.97237654377187044 1.0744944910620888 1.0801073384473838 -0.37970697360827971 1.0254161260795962 1.3654003910621912 1.3679034254638458 1.375513125648699
decision_type=2 2 2 2 2 2 2 2 2 2 2 2 2 2 2 2 2 2 2 2 2 2 2 2 2 2 2 2
left_child=1 -1 4 22 6 8 15 13 -6 14 -11 23 -5 -7 -9 20 17 -17 -18 21 -3 -2 24 -10 -4 -23 -21 -28
right_child=19 2 3 12 5 7 -8 9 11 10 -12 -13 -14 -15 -16 16 18 -19 -20 26 -22 25 -24 -25 -26 -27 27 -29
leaf_value=0.51542526072856643 -0.2832353264044139 0.10741602442286034 0.57703589557616164 0.038484711299668864 -0.73050833523728476 0.52498879856204372 0.57193676946050842 -0.45344962702452685 -0.2729308750393154 -0.033072837978082567 0.25057447677318356 0.090987121713070454 -0.42440818313165757 0.040615798675262181 -0.092607199857614925 0.17988595161509829 -0.2998588694696841 -0.25092714921082604 -0.047127356331378101 -0.51961521542761935 0.37122165065166379 -0.4072080812375406 0.39782164341959908 -0.4338441038131714 0.47886621777373967 -0.49452263462650886 -0.6525253239193477 -0.54216921851186473
leaf_weight=19 11.999999999999998 11.000000000000002 12.000000000000002 15.000000000000002 12.999999999999998 16.000000000000004 19 12.999999999999998 10.999999999999998 132 57 13.000000000000002 13.999999999999998 10.999999999999998 57 53 15.999999999999998 9.9999999999999982 24 11.999999999999998 11.999999999999998 12.000000000000002 21 12.999999999999998 9.9999999999999982 10.999999999999998 11.000000000000002 9.9999999999999982
leaf_count=19 12 11 12 15 13 16 19 13 11 132 57 13 14 11 57 53 16 10 24 12 12 12 21 13 10 11 11 10
internal_value=-1.87685e-05 0.0574058 0.041577 0.205433 0.01701 -0.0281989 0.121724 0.0266095 -0.34115 -0.00497947 0.0525536 -0.202721 -0.185637 0.328567 -0.160186 0.0534273 0.0101948 0.111198 -0.148741 -0.48245 0.246108 -0.394461 0.469019 -0.361572 0.534827 -0.450971 -0.574268 -0.602841
internal_weight=640 572 553 72 481 336 145 286 50 259 189 37 29 27 70 126 103 63 40 68 23 35 43 24 22 23 33 21
internal_count=640 572 553 72 481 336 145 286 50 259 189 37 29 27 70 126 103 63 40 68 23 35 43 24 22 23 33 21
is_linear=0
shrinkage=0.02


Tree=5
num_leaves=27
num_cat=0
split_feature=0 11 0 1 1 8 1 5 0 1 8 0 5 5 0 2 0 0 5 8 3 0 0 11 11 11
split_gain=42599 9954.29 5346.23 17871.4 5470.55 13885 12218.2 10705.8 10566.1 5716.35 5520.45 4483.42 3744.91 2521.96 3978.15 3890.32 1779.54 1518.23 1264.75 951.972 497.424 431.897 56.378 55.1871 46.2004 64.8402
threshold=1.4170757759392376 -1.3575891381936926 0.94602565651345216 0.47071812565222243 -0.92567187759432923 0.76150087589654958 -0.70230195378466098 0.27835180746217308 0.43616241863310778 -0.65839173664529971 0.83055727652890998 -1.6773883044833366 -1.3059291185466602 -0.2562106876165165 0.083315887228025132 -0.019836238426841669 -0.43184004862339548 0.22092603447600734 -1.6146698335260825 0.97237654377187044 1.0744944910620888 1.0801073384473838 1.0254161260795962 1.3654003910621912 1.3679034254638458 1.375513125648699
decision_type=2 2 2 2 2 2 2 2 2 2 2 2 2 2 2 2 2 2 2 2 2 2 2 2 2 2
left_child=1 -1 4 21 7 6 -6 13 10 -8 -7 -11 -5 19 15 -15 -12 -16 20 -3 -2 22 -4 -22 -20 -26
right_child=18 2 3 12 5 8 9 -9 -10 11 16 -13 -14 14 17 -17 -18 -19 24 -21 23 -23 -24 -25 25 -27
leaf_value=0.50517075169148873 -0.27761743119925508 0.10528704875224343 0.56559053956969696 0.037720111837450235 0.51927753057779436 -0.84769713762644172 -0.32882313960820286 0.56055790873722255 0.16875666229437433 -0.29998093041573987 -0.10546679770592421 0.045602805413546214 -0.4159802223097348 0.028508697993265178 -0.07405765100967053 0.41578629246194854 -0.42628972752656763 -0.35799857828876763 -0.50930879403736973 0.36385856455022642 -0.39913121877622987 0.38990293259304282 0.46938371412824881 -0.48472128206545168 -0.63959237124468804 -0.53143319188958349
leaf_weight=19 11.999999999999998 11.000000000000002 12.000000000000002 15.000000000000002 19 10.999999999999998 20 19 13.999999999999998 15.999999999999998 9.9999999999999947 223 13.999999999999998 50 30 12.999999999999998 23.000000000000004 9.9999999999999982 11.999999999999998 11.999999999999998 12.000000000000002 21 9.9999999999999982 10.999999999999998 11.000000000000002 9.9999999999999982
leaf_count=19 12 11 12 15 19 11 20 19 14 16 10 223 14 50 30 13 23 10 12 12 12 21 10 11 11 10
internal_value=-2.40538e-05 0.0562616 0.0407476 0.201354 0.0166678 -0.0276416 0.0311116 0.119298 -0.308838 -0.00488249 -0.46086 0.0223475 -0.18195 0.0523596 0.0099822 0.108971 -0.329713 -0.145784 -0.472888 0.241228 -0.38664 0.459707 0.524227 -0.44203 -0.562888 -0.590898
internal_weight=640 572 553 72 481 336 278 145 58 259 44 239 29 126 103 63 33 40 68 23 35 43 22 23 33 21
internal_count=640 572 553 72 481 336 278 145 58 259 44 239 29 126 103 63 33 40 68 23 35 43 22 23 33 21
is_linear=0
shrinkage=0.02


Tree=6
num_leaves=31
num_cat=0
split_feature=0 11 0 1 1 1 1 1 0 0 1 0 1 8 8 0 8 1 0 8 1 8 8 3 0 0 0 11 11 11
split_gain=40926.3 9562.19 5136.25 17168.7 5255.55 13393.9 9265.32 6371.26 6347.4 6337.89 5490.95 4306.84 3966.69 3601.14 3456.58 2940.9 3746.26 3903.28 2415.63 3643.18 1543.78 1215.12 1077.16 477.876 415.143 115.152 54.071 52.9933 44.3726 62.2101
threshold=1.4170757759392376 -1.3575891381936926 0.94602565651345216 0.47071812565222243 -0.92567187759432923 -0.80454214198581087 -0.99051740657711473 -0.70230195378466098 0.28090994481487142 -0.44066121190852253 -0.65839173664529971 -1.6773883044833366 -0.86818666414452672 -0.8596207175272067 0.75329709713476734 0.083315887228025132 1.0715721578192754 -1.0361481606415002 0.19269831196360074 1.0185066195988146 -1.0508744623409918 -1.7218752773882653 0.96769686551864476 1.0744944910620888 1.0801073384473838 0.3585361817239896 1.0254161260795962 1.3654003910621912 1.3679034254638458 1.375513125648699
decision_type=2 2 2 2 2 2 2 2 2 2 2 2 2 2 2 2 2 2 2 2 2 2 2 2 2 2 2 2 2 2
left_child=1 -1 4 24 6 9 15 14 22 -6 -9 -12 25 -5 -7 16 17 -3 20 -20 -17 23 -8 -2 26 -11 -4 -25 -23 -30
right_child=21 2 3 13 5 7 8 10 -10 12 11 -13 -14 -15 -16 18 -18 -19 19 -21 -22 28 -24 27 -26 -27 -28 -29 29 -31
leaf_value=0.4951202349169716 -0.2721109614096397 0.28647156581724431 0.55437222189154489 0.10613671070820574 -0.70711741876966172 0.50423320177919362 0.47054330241572734 -0.32227938229764869 0.10347673426675533 -0.39820113860809053 -0.29401857837294193 0.044691148847207957 0.086669235848288492 -0.35186224169494035 0.043728617848576727 -0.088675761341063419 -0.24652282934377692 -0.086754205597113374 -0.21571197500323297 0.32150634718413401 -0.41700280627688846 -0.49920677500322835 0.76860085624131824 -0.39121456887111178 0.38214182357652493 -0.29937489371263343 0.46008899367681821 -0.47511418523015203 -0.62691577288481548 -0.52090976098976516
leaf_weight=19 11.999999999999998 37 12.000000000000002 11.000000000000002 12.999999999999998 16.000000000000004 11.000000000000002 20 18 10.999999999999998 15.999999999999998 223 13.000000000000002 18 10.999999999999998 12.000000000000002 9.9999999999999982 15.999999999999998 10.000000000000002 9.9999999999999982 10.999999999999998 11.999999999999998 9.9999999999999982 12.000000000000002 21 12.999999999999998 9.9999999999999982 10.999999999999998 11.000000000000002 9.9999999999999982
leaf_count=19 12 37 12 11 13 16 11 20 18 11 16 223 13 18 11 12 10 16 10 10 11 12 10 12 21 13 10 11 11 10
internal_value=-2.83335e-05 0.0551411 0.0399357 0.197357 0.0163335 -0.0270964 0.116927 0.0257344 0.380072 -0.328757 -0.00478935 0.0218984 -0.194245 -0.178336 0.317511 0.0198331 0.106806 0.17383 -0.107522 0.0531106 -0.24687 -0.463515 0.615493 -0.378975 0.45058 -0.346176 0.513837 -0.433267 -0.551733 -0.579192
internal_weight=640 572 553 72 481 336 145 286 39 50 259 239 37 29 27 106 63 53 43 20 23 68 21 35 43 24 22 23 33 21
internal_count=640 572 553 72 481 336 145 286 39 50 259 239 37 29 27 106 63 53 43 20 23 68 21 35 43 24 22 23 33 21
is_linear=0
shrinkage=0.02


Tree=7
num_leaves=28
num_cat=0
split_feature=0 11 0 1 1 1 5 1 0 1 12 1 5 8 8 5 0 2 0 5 8 3 0 5 0 0 1
split_gain=39319.1 9185.54 4934.76 16493.2 5048.87 12867.4 9835.61 6120.73 6088.7 5395.6 7610 3810.92 3490.64 3424.07 3320.48 2383.8 3697.07 3649.84 1474.64 1167.44 910.313 459.097 399.038 337.666 51.8574 50.8859 43.6452
threshold=1.4170757759392376 -1.3575891381936926 0.94602565651345216 0.47071812565222243 -0.92567187759432923 -0.80454214198581087 0.27835180746217308 -0.70230195378466098 -0.44066121190852253 -0.42817885922019644 0.11442635418177936 -0.86818666414452672 -1.3059291185466602 0.47387844919562377 0.75329709713476734 -0.2562106876165165 0.083315887228025132 -0.019836238426841669 0.1627063567941687 -1.6146698335260825 0.97237654377187044 1.0744944910620888 1.0801073384473838 -0.37970697360827971 1.0254161260795962 1.6958245357492527 1.3001428449349246
decision_type=2 2 2 2 2 2 2 2 2 2 2 2 2 2 2 2 2 2 2 2 2 2 2 2 2 2 2
left_child=1 -1 4 22 6 8 15 14 -6 13 -11 23 -5 -9 -7 20 17 -17 -18 21 -3 -2 24 -10 -4 -23 -21
right_child=19 2 3 12 5 7 -8 9 11 10 -12 -13 -14 -15 -16 16 18 -19 -20 26 -22 25 -24 -25 -26 -27 -28
leaf_value=0.48526965056414378 -0.26671372752544309 0.10114939096811654 0.54337641928806757 0.037288519183531495 -0.69308301212223433 0.49421116914808366 0.53754702377069685 -0.4462419392680394 -0.2531388964953723 -0.032558750136840717 0.24376904419967468 0.084949077103884149 -0.40073229160714652 -0.087367324261239457 0.042861907031085042 0.026733255605259819 -0.28903304965599719 0.40184833613970811 -0.04134993598668902 -0.4976428499442852 0.35397309815588074 -0.46569751567668727 0.37453519965800064 -0.40966107050881129 0.45097829837610226 -0.38345495681132163 -0.57375887580998042
leaf_weight=19 11.999999999999998 11.000000000000002 12.000000000000002 15.000000000000002 12.999999999999998 16.000000000000004 19 12.999999999999998 10.999999999999998 132 57 13.000000000000002 13.999999999999998 57 10.999999999999998 50 15.999999999999998 12.999999999999998 24 14.999999999999998 11.999999999999998 11.000000000000002 21 12.999999999999998 9.9999999999999982 11.999999999999998 18
leaf_count=19 12 11 12 15 13 16 19 13 11 132 57 13 14 57 11 50 16 13 24 15 12 11 21 13 10 12 18
internal_value=-3.2781e-05 0.0540426 0.0391396 0.193442 0.0160048 -0.0265624 0.114601 0.0252196 -0.322235 -0.00469796 0.0508578 -0.190393 -0.174786 -0.154571 0.311202 0.0504395 0.00923942 0.104668 -0.140922 -0.454328 0.234062 -0.371461 0.441634 -0.339311 0.503653 -0.424677 -0.540799
internal_weight=640 572 553 72 481 336 145 286 50 259 189 37 29 70 27 126 103 63 40 68 23 35 43 24 22 23 33
internal_count=640 572 553 72 481 336 145 286 50 259 189 37 29 70 27 126 103 63 40 68 23 35 43 24 22 23 33
is_linear=0
shrinkage=0.02


Tree=8
num_leaves=31
num_cat=0
split_feature=11 11 8 0 8 0 1 8 1 0 1 1 0 8 0 8 1 11 1 0 0 8 0 8 11 1 0 0 1 1
split_gain=37830.8 9037.63 10688.3 16139.1 8492.57 4178.14 4116.26 13757.6 9953.79 9555.27 8550.69 7622.24 5944.91 5334.33 2713.24 3566.88 2666.55 3565.85 2534.49 2248.64 1920.83 2023.41 1490.55 1043.76 833.991 2301.49 515.395 300.776 716.292 127.996
threshold=1.3550585694419792 -1.3419781550513372 -0.43104384241263444 0.94602565651345216 -0.73000120642447086 -1.6650386758841589 -0.92567187759432923 0.76150087589654958 -0.70230195378466098 0.43616241863310778 -0.99051740657711473 -0.39321440003426034 0.28090994481487142 0.83055727652890998 0.083315887228025132 1.0715721578192754 2.1500517271290822 -1.3236523718946762 1.1493898865716357 0.19269831196360074 1.5582143885012709 -1.7585252310647528 1.1771401345837813 0.96769686551864476 -1.3583525585576006 1.1876544876861741 1.6781822091789989 1.0254161260795962 0.21467751391775222 0.8196607264377731
decision_type=2 2 2 2 2 2 2 2 2 2 2 2 2 2 2 2 2 2 2 2 2 2 2 2 2 2 2 2 2 2
left_child=1 5 4 6 16 -1 10 8 -8 13 14 -10 23 -9 15 -4 17 -3 -2 -16 -20 26 -6 -12 -7 -26 -22 -5 -29 -19
right_child=18 2 3 27 22 24 7 9 11 -11 12 -13 -14 -15 19 -17 -18 29 20 -21 21 -23 -24 -25 25 -27 -28 28 -30 -31
leaf_value=-0.016876381261289614 -0.16191682758897841 0.37973112299635603 0.16798980840406402 0.53259870544938015 -0.54264986597430642 0.54248312313138092 0.49194648373189398 -0.81653872880849754 -0.13404616823208321 0.16235926753240276 0.45056313385834551 0.12657856393864528 0.09745128083624234 -0.30753816039180465 -0.23772318591287125 -0.24217055802298068 -0.24967519629092619 -0.0066017072035534528 -0.68114351638114257 0.051700741568608065 -0.60277749352421328 -0.1798595814657683 -0.27258775101592209 0.74346356760157217 0.55592817403174699 0.16837777114506311 -0.41728743152764003 0.29731423594427442 0.50137084708308544 -0.10348566959712133
leaf_weight=11.999999999999998 9.9999999999999982 10.999999999999998 53 11.999999999999998 19 12.999999999999995 19 10.999999999999998 80 13.999999999999998 11.000000000000002 102 18 33 23 9.9999999999999982 12.999999999999998 10.000000000000002 18 20 13.999999999999998 10.000000000000002 14.999999999999998 9.9999999999999982 11.000000000000005 13.999999999999998 12.999999999999998 14.000000000000002 14.999999999999998 11.999999999999998
leaf_count=12 10 11 53 12 19 13 19 11 80 14 11 102 18 33 23 10 13 10 18 20 14 10 15 10 11 14 13 14 15 12
internal_value=-3.41652e-05 0.0516908 0.0271913 0.0654626 -0.185497 0.308348 0.0270407 -0.0207259 0.057597 -0.291804 0.112324 0.012002 0.365118 -0.436374 0.0190492 0.102589 -0.00814715 0.0874369 -0.456993 -0.103277 -0.510234 -0.42545 -0.424683 0.592949 0.410852 0.340475 -0.515374 0.443048 0.404255 -0.0597219
internal_weight=640 575 525 445 80 50 404 259 201 58 145 182 39 44 106 63 46 33 65 43 55 37 34 21 38 25 27 41 29 22
internal_count=640 575 525 445 80 50 404 259 201 58 145 182 39 44 106 63 46 33 65 43 55 37 34 21 38 25 27 41 29 22
is_linear=0
shrinkage=0.02


Tree=9
num_leaves=28
num_cat=0
split_feature=11 11 8 0 8 0 1 8 1 0 5 1 8 1 5 1 8 0 0 5 0 11 1 0 0 1 1
split_gain=36343.2 8682.64 10267.5 15504.8 8158.2 4014.06 3954.35 13215.7 9561.72 9179.24 9033.89 7344.8 5125.7 2561.78 3425.91 2434.61 2243.82 2034.34 1844.84 1943.72 1431.71 801.118 2211.21 495.05 288.982 688.053 122.962
threshold=1.3550585694419792 -1.3419781550513372 -0.43104384241263444 0.94602565651345216 -0.73000120642447086 -1.6650386758841589 -0.92567187759432923 0.76150087589654958 -0.70230195378466098 0.43616241863310778 0.27835180746217308 -0.42817885922019644 0.83055727652890998 2.1500517271290822 1.3386556343344327 1.1493898865716357 1.0715721578192754 0.083315887228025132 1.5582143885012709 -1.6252552294682263 1.1771401345837813 -1.3583525585576006 1.1876544876861741 1.6781822091789989 1.0254161260795962 0.21467751391775222 0.8196607264377731
decision_type=2 2 2 2 2 2 2 2 2 2 2 2 2 2 2 2 2 2 2 2 2 2 2 2 2 2 2
left_child=1 5 4 6 13 -1 10 8 -8 12 16 -10 -9 14 26 -2 17 -4 -17 23 -6 -7 -23 -20 -5 -26 -3
right_child=15 2 3 24 20 21 7 9 11 -11 -12 -13 -14 -15 -16 18 -18 -19 19 -21 -22 22 -24 -25 25 -27 -28
leaf_value=-0.016541633399064875 -0.15871058397954055 -0.0064709822966320663 0.16463633084701279 0.5220347447040653 -0.53185369276875594 0.53171630935814551 0.48215906852202883 -0.80035506811227897 -0.14881822969706016 0.15913511769991395 0.51543468618892252 0.1121765021359038 -0.30140598544901592 -0.24471979388753876 0.3722049228994696 -0.66759591067693502 -0.23737510681152343 -0.0033938040531191695 -0.59080743478545061 -0.17629800541566146 -0.26717209091249677 0.54490979783169824 0.16503412015049171 -0.40900537796602904 0.29141011654062465 0.49140984232062535 -0.10143305414964346
leaf_weight=11.999999999999998 9.9999999999999982 10.000000000000002 53 11.999999999999998 19 12.999999999999995 19 10.999999999999998 70 13.999999999999998 19 112 33 12.999999999999998 10.999999999999998 18 9.9999999999999982 63 13.999999999999998 10.000000000000002 14.999999999999998 11.000000000000005 13.999999999999998 12.999999999999998 14.000000000000002 14.999999999999998 11.999999999999998
leaf_count=12 10 10 53 12 19 13 19 11 70 14 19 112 33 13 11 18 10 63 14 10 15 11 14 13 14 15 12
internal_value=-3.25515e-05 0.0506653 0.0266517 0.0641621 -0.181807 0.302232 0.0265027 -0.020315 0.0564499 -0.286001 0.110092 0.0117618 -0.427698 -0.00798376 0.0857033 -0.447917 0.0486007 0.0734457 -0.500099 -0.417007 -0.416238 0.402702 0.333724 -0.505142 0.434253 0.396226 -0.0585383
internal_weight=640 575 525 445 80 50 404 259 201 58 145 182 44 46 33 65 126 116 55 37 34 38 25 27 41 29 22
internal_count=640 575 525 445 80 50 404 259 201 58 145 182 44 46 33 65 126 116 55 37 34 38 25 27 41 29 22
is_linear=0
shrinkage=0.02


Tree=10
num_leaves=28
num_cat=0
split_feature=11 11 8 0 8 0 1 8 5 1 0 1 1 1 1 1 5 0 0 5 1 0 11 1 0 0 0
split_gain=34913.8 8341.74 9863.04 14895.6 7836.99 3856.43 3799.69 11320.3 10612.7 9185.1 8682.62 7061.54 4491.85 2461.13 3336.94 2338.66 2172.49 3576.28 1771.86 1867.16 1642.24 1375.18 769.54 2124.47 475.508 278.873 31.9697
threshold=1.3550585694419792 -1.3419781550513372 -0.43104384241263444 0.94602565651345216 -0.73000120642447086 -1.6650386758841589 -0.94355121831743338 0.76150087589654958 0.27835180746217308 -0.70230195378466098 -0.44066121190852253 -0.39321440003426034 -0.86818666414452672 2.1500517271290822 0.84878409952558909 1.1493898865716357 -0.2562106876165165 0.22092603447600734 1.5582143885012709 -1.6252552294682263 0.93295731574727114 1.1771401345837813 -1.3583525585576006 1.1876544876861741 1.6781822091789989 1.0801073384473838 1.0254161260795962
decision_type=2 2 2 2 2 2 2 2 2 2 2 2 2 2 2 2 2 2 2 2 2 2 2 2 2 2 2
left_child=1 5 4 6 13 -1 8 9 16 -8 -9 -11 -12 14 -3 -2 -4 -18 -17 24 -16 -6 -7 -24 -20 26 -5
right_child=15 2 3 25 21 22 7 10 -10 11 12 -13 -14 -15 20 18 17 -19 19 -21 -22 -23 23 -25 -26 -27 -28
leaf_value=-0.016213522686446009 -0.15556777859678364 -0.16463794364274006 0.2450903760267226 0.51168034797857598 -0.52127228876683096 0.52116315084559328 0.47256636864227775 -0.62104010688665823 0.56231873886361305 -0.12904759839232943 -0.24766807964869905 0.12180813350359912 0.16630475559590022 -0.23986276116989949 0.42564143039212354 -0.6543177597562253 0.046264138641085965 -0.34996712552438863 -0.5790750952646242 -0.17280695735818086 0.063198959614970893 -0.26186404269262653 0.53410976633295248 0.16175682132125746 -0.40088772111266624 0.36404257115269206 0.43039011993030507
leaf_weight=11.999999999999998 9.9999999999999982 12.999999999999998 18 12.000000000000002 19 12.999999999999995 19 18 18 80 30 102 15.999999999999998 12.999999999999998 10.000000000000002 18 93 9.9999999999999982 13.999999999999998 10.000000000000002 9.9999999999999982 14.999999999999998 11.000000000000005 13.999999999999998 12.999999999999998 19 9.9999999999999982
leaf_count=12 10 13 18 12 19 13 19 18 18 80 30 102 16 13 10 18 93 10 14 10 10 15 11 14 13 19 10
internal_value=-3.29626e-05 0.0496578 0.0261203 0.0628845 -0.178191 0.296236 0.0259723 -0.0184504 0.110623 0.0553253 -0.249893 0.0115261 -0.103607 -0.00782367 0.084004 -0.439022 0.0430112 0.00748325 -0.490165 -0.408731 0.245686 -0.40796 0.394715 0.327107 -0.495114 0.425632 0.47689
internal_weight=640 575 525 445 80 50 404 265 139 201 64 182 46 46 33 65 121 103 55 37 20 34 38 25 27 41 22
internal_count=640 575 525 445 80 50 404 265 139 201 64 182 46 46 33 65 121 103 55 37 20 34 38 25 27 41 22
is_linear=0
shrinkage=0.02


Tree=11
num_leaves=30
num_cat=0
split_feature=11 11 8 0 8 0 1 1 5 8 5 1 1 1 1 5 1 5 0 0 5 0 8 11 1 0 0 1 0
split_gain=33540.9 8014.12 9474.47 14310.4 7528.57 3704.99 3670.45 12257.5 8313.83 5562.15 4956.96 9008.37 4660 2689.91 2364.51 3209.67 2246.5 2210.07 3435.91 1701.76 1793.62 1320.89 830.202 739.205 2041.13 456.735 268.047 133.399 30.6353
threshold=1.3550585694419792 -1.3419781550513372 -0.43104384241263444 0.94602565651345216 -0.73000120642447086 -1.6650386758841589 -0.92567187759432923 -0.80454214198581087 0.27835180746217308 0.83055727652890998 -0.58612219448025482 -0.64418179616332216 0.21467751391775222 -0.87472457103294832 2.1500517271290822 1.3386556343344327 1.1493898865716357 -0.2562106876165165 0.22092603447600734 1.5582143885012709 -1.6252552294682263 1.1771401345837813 0.97237654377187044 -1.3583525585576006 1.1876544876861741 1.6781822091789989 1.0801073384473838 0.8196607264377731 1.0254161260795962
decision_type=2 2 2 2 2 2 2 2 2 2 2 2 2 2 2 2 2 2 2 2 2 2 2 2 2 2 2 2 2
left_child=1 5 4 6 14 -1 8 9 17 -8 11 -9 -12 -11 15 27 -2 22 -19 -18 25 -6 -4 -7 -25 -21 28 -3 -5
right_child=16 2 3 26 21 23 7 10 -10 13 12 -13 -14 -15 -16 -17 19 18 -20 20 -22 -23 -24 24 -26 -27 -28 -29 -30
leaf_value=-0.015891931736764828 -0.15248725664497603 -0.0030826865092362498 0.09686205185211455 0.50153131358879643 -0.51090144148047678 0.51081944705875793 -0.69597725054165271 -0.64536910897434352 0.49484063818816737 -0.34081333955882287 0.1529345574665591 0.0035395058761093492 -0.21864832436012116 -0.0078904302871029668 -0.23510214419765327 0.35965699152903513 -0.64130370730194597 0.045339854795617786 -0.34303707524101335 -0.56757573770293113 -0.16938503180399977 -0.25666144772081184 0.33831654178209541 0.52352382419345578 0.15854463950962042 -0.39293117770711883 0.35679983251381914 -0.10194124327710839 0.42186755416416888
leaf_weight=11.999999999999998 9.9999999999999982 10.000000000000002 11.000000000000002 12.000000000000002 19 12.999999999999995 10.999999999999998 9.9999999999999982 19 20.999999999999996 128 56 14.999999999999998 18.000000000000004 12.999999999999998 10.999999999999998 18 93 9.9999999999999982 13.999999999999998 10.000000000000002 14.999999999999998 11.999999999999998 11.000000000000005 13.999999999999998 12.999999999999998 19 11.999999999999998 9.9999999999999982
leaf_count=12 10 10 11 12 19 13 11 10 19 21 128 56 15 18 13 11 18 93 10 14 10 15 12 11 14 13 19 12 10
internal_value=-3.19224e-05 0.048672 0.0256013 0.0616341 -0.174645 0.29036 0.0254542 -0.0196513 0.105987 -0.300625 0.0476742 -0.0955925 0.113825 -0.187595 -0.00766312 0.0823435 -0.430303 0.0469965 0.00732751 -0.480428 -0.40062 -0.399848 0.223801 0.386885 0.320621 -0.485285 0.417184 -0.0572681 0.467439
internal_weight=640 575 525 445 80 50 404 259 145 50 209 66 143 39 46 33 65 126 103 55 37 34 23 38 25 27 41 22 22
internal_count=640 575 525 445 80 50 404 259 145 50 209 66 143 39 46 33 65 126 103 55 37 34 23 38 25 27 41 22 22
is_linear=0
shrinkage=0.02


Tree=12
num_leaves=21
num_cat=0
split_feature=11 11 0 5 5 1 1 1 5 1 8 0 1 8 0 1 0 5 1 0
split_gain=32221.2 7711 4018.17 7608.97 13374.3 8837.83 12224.6 7739.48 7986.4 7087.02 4966.15 3407.47 3379.93 2849.76 2840.8 2157.96 1634.44 1722.98 1441.49 438.703
threshold=1.3550585694419792 -1.3575891381936926 -1.6773883044833366 1.3386556343344327 1.091663062350906 -0.32856100545799177 0.47071812565222243 -0.92567187759432923 0.27835180746217308 -0.80454214198581087 -0.078493446257232966 -1.4374526631278808 0.70588263362861003 -0.40431006406271108 1.3059291185466366 1.1493898865716357 1.5582143885012709 -1.6252552294682263 1.0206968601065833 1.6781822091789989
decision_type=2 2 2 2 2 2 2 2 2 2 2 2 2 2 2 2 2 2 2 2
left_child=1 -1 -3 4 5 7 10 8 -4 -9 -7 -5 13 -6 -8 -2 -17 19 -13 -18
right_child=15 2 3 11 12 6 14 9 -10 -11 -12 18 -14 -15 -16 16 17 -19 -20 -21
leaf_value=0.44283743673594211 -0.14946769714355471 -0.27724304793043902 0.046058951985448432 0.092195811356213075 -0.59433299881324442 0.45098934623592135 -0.37300355863063894 -0.29465526457080349 0.48499563353223951 -0.012776172201447101 0.17759276305727886 0.32427432504030729 0.0035053162084947719 -0.21430430784920187 0.0060126290268660912 -0.62854849378048383 -0.55630473305993045 -0.16603087944559528 0.66965784733838374 -0.38513252418459831
leaf_weight=19 9.9999999999999982 15.999999999999998 126 13.999999999999998 16.999999999999996 43 13.999999999999998 50 19 124 70 10.000000000000002 9.9999999999999982 15.000000000000002 18 18 13.999999999999998 10.000000000000002 9.9999999999999982 12.999999999999998
leaf_count=19 10 16 126 14 17 43 14 50 19 124 70 10 10 15 18 18 14 10 10 13
internal_value=-3.55465e-05 0.0477006 0.0341188 0.0433958 0.0239012 0.0548612 0.184269 -0.00399656 0.103876 -0.0939044 0.281944 0.332571 -0.317427 -0.417448 -0.160421 -0.421757 -0.470885 -0.39267 0.499488 -0.475651
internal_weight=640 575 556 540 506 464 145 319 145 174 113 34 42 32 32 65 55 37 20 27
internal_count=640 575 556 540 506 464 145 319 145 174 113 34 42 32 32 65 55 37 20 27
is_linear=0
shrinkage=0.02


Tree=13
num_leaves=29
num_cat=0
split_feature=11 11 8 0 8 1 8 1 0 5 1 8 0 1 1 8 1 0 1 0 5 8 5 1 1 0 0 1
split_gain=30953.7 7413.54 8763.78 13283.3 6902.17 3394.64 11374.3 8790.49 8455.41 7671.91 6602.22 4818.14 3361.47 2191.39 3080.21 2159.4 2072.92 1941.6 1570.97 1569.77 1655.11 1290.72 1809.53 735.419 1791.08 421.382 284.086 673.246
threshold=1.3550585694419792 -1.3419781550513372 -0.43104384241263444 0.94602565651345216 -0.73000120642447086 -0.92567187759432923 0.76150087589654958 -0.70230195378466098 0.43616241863310778 0.27835180746217308 -0.42817885922019644 0.83055727652890998 -1.6650386758841589 2.1500517271290822 0.84878409952558909 1.0715721578192754 1.1493898865716357 0.083315887228025132 0.93295731574727114 1.5582143885012709 -1.6252552294682263 -0.62122044474391014 1.1657608339459697 1.5540664757475906 1.1876544876861741 1.6781822091789989 1.0254161260795962 0.21467751391775222
decision_type=2 2 2 2 2 2 2 2 2 2 2 2 2 2 2 2 2 2 2 2 2 2 2 2 2 2 2 2
left_child=1 12 4 5 13 9 7 -7 11 15 -9 -8 -1 14 -3 17 -2 -4 -16 -18 25 -6 -23 24 -14 -21 -5 -28
right_child=16 2 3 26 21 6 8 10 -10 -11 -12 -13 23 -15 18 -17 19 -19 -20 20 -22 22 -24 -25 -26 -27 27 -29
leaf_value=-0.012520272396812755 -0.14650794057562799 -0.16036640720285533 0.15860172685705784 0.48806109814604454 -0.55102252972027488 0.4603760376775452 -0.76273641588451624 -0.14289530575530507 0.16167667902953237 0.47534651127161148 0.10455413803896876 -0.27912169306659984 0.50195611524152317 -0.22709569450553135 0.40984682555245872 -0.23540060675970398 -0.61604698370833422 -0.0055505573503944654 0.055441743454130575 -0.54525754292805995 -0.16274313917254454 -0.090035460780162599 -0.45488091965352206 0.50216509598345793 0.16495241023057347 -0.37748868185145257 0.2612643732415868 0.45836529851749241
leaf_weight=11.999999999999998 9.9999999999999982 12.999999999999998 53 11.999999999999998 11.999999999999998 19 10.999999999999998 70 13.999999999999998 19 112 33 11.000000000000002 12.999999999999998 10.000000000000002 9.9999999999999982 18 63 9.9999999999999982 13.999999999999998 10.000000000000002 10.000000000000002 11.999999999999998 11.999999999999998 14.999999999999998 12.999999999999998 14.000000000000002 14.999999999999998
leaf_count=12 10 13 53 12 12 19 11 70 14 19 112 33 11 13 10 10 18 63 10 14 10 10 12 12 15 13 14 15
internal_value=-3.78156e-05 0.04675 0.0245605 0.0592156 -0.168029 0.0243582 -0.0190194 0.0521966 -0.265502 0.101806 0.00934958 -0.401503 0.279206 -0.00814184 0.078508 0.0451385 -0.413381 0.0695134 0.233851 -0.461532 -0.384877 -0.38366 -0.290245 0.371147 0.308946 -0.466208 0.401768 0.364472
internal_weight=640 575 525 445 80 404 259 201 58 145 182 44 50 46 33 126 65 116 20 55 37 34 22 38 26 27 41 29
internal_count=640 575 525 445 80 404 259 201 58 145 182 44 50 46 33 126 65 116 20 55 37 34 22 38 26 27 41 29
is_linear=0
shrinkage=0.02


Tree=14
num_leaves=26
num_cat=0
split_feature=0 0 11 1 1 1 1 1 5 8 1 8 1 0 1 0 0 5 0 5 0 1 0 1 1
split_gain=29780.7 11506.1 8310.03 6843.17 7481.63 7465.34 4283.9 9614.38 7369.89 5291.26 5215.53 3409.94 3356.17 3229.49 2566.59 2347.17 2219.67 2148.48 1806.96 997.237 1276.72 715.415 711.495 2147.84 382.016
threshold=1.2053678570961883 0.94602565651345216 -1.3419781550513372 0.21467751391775222 0.70588263362861003 0.042709047701535441 -0.92567187759432923 -0.80454214198581087 0.27835180746217308 0.83055727652890998 -0.70230195378466098 -0.93359593844037947 1.1493898865716357 -1.6650386758841589 0.41331180072176249 1.3059291185466366 1.5582143885012709 -0.2562106876165165 1.1594978080135274 -1.6252552294682263 1.6781822091789989 0.11716930261043645 -1.5397781572353546 1.1876544876861741 1.0524717547176679
decision_type=2 2 2 2 2 2 2 2 2 2 2 2 2 2 2 2 2 2 2 2 2 2 2 2 2
left_child=1 2 13 5 14 6 8 9 17 -8 -9 -6 15 -1 -5 -2 -14 -4 21 20 -18 -3 -15 -24 -17
right_child=12 18 3 4 11 -7 7 10 -10 -11 -12 -13 16 22 -16 24 19 -19 -20 -21 -22 -23 23 -25 -26
leaf_value=-0.012271917575647025 -0.39575420206243345 0.33344888319048965 0.21855667768618758 -0.21212384331305295 -0.20166502428418803 0.45469239063144462 -0.66955385199538231 0.28511898885707876 0.46588934786032626 -0.17376843520747426 -0.016195021956902637 0.23290202981937003 -0.60379411655236348 0.47214668248662894 -0.5729092041093703 0.020167513539772905 -0.53442973305993047 0.0051237865048167084 0.12408019271227394 -0.15952050841680851 -0.27664520537655657 0.519849018848074 0.49200742397222402 0.10475692977590009 -0.14360680098580844
leaf_weight=11.999999999999998 11.999999999999998 17 23 14.999999999999998 13.000000000000002 15.999999999999998 10.999999999999998 27 19 39 151 15.999999999999998 18 14.999999999999995 17 13.000000000000002 13.999999999999998 103 9.9999999999999982 9.9999999999999982 18 18 11.000000000000005 11.999999999999998 9.9999999999999982
leaf_count=12 12 17 23 15 13 16 11 27 19 39 151 16 18 15 17 13 14 103 10 10 18 18 11 12 10
internal_value=-3.88952e-05 0.0569355 0.0293303 0.00212467 -0.194647 0.0330255 0.0148182 -0.0392273 0.0997754 -0.28398 0.0296387 0.0380382 -0.326619 0.273668 -0.40501 -0.170224 -0.417397 0.0442341 0.362893 -0.336245 -0.390771 0.430548 0.363786 0.291335 -0.0513088
internal_weight=640 545 500 450 61 389 373 228 145 50 178 29 95 50 32 35 60 126 45 42 32 35 38 23 23
internal_count=640 545 500 450 61 389 373 228 145 50 178 29 95 50 32 35 60 126 45 42 32 35 38 23 23
is_linear=0
shrinkage=0.02


Tree=15
num_leaves=21
num_cat=0
split_feature=11 11 0 5 5 1 1 1 5 1 8 0 1 0 8 1 0 5 1 0
split_gain=28620.3 7006.49 3711.15 6829.24 12069.1 8068.72 11006.4 6942.23 7079.58 6268.79 4467.57 3238.26 3059.65 2577.73 2465.45 1918.37 1439.1 1536.79 1295.8 378.477
threshold=1.3550585694419792 -1.3575891381936926 -1.6773883044833366 1.3386556343344327 1.091663062350906 -0.32856100545799177 0.47071812565222243 -0.92567187759432923 0.27835180746217308 -0.80454214198581087 -0.078493446257232966 -1.4374526631278808 0.70588263362861003 1.3059291185466366 -0.40431006406271108 1.1493898865716357 1.5582143885012709 -1.6252552294682263 1.0206968601065833 1.6781822091789989
decision_type=2 2 2 2 2 2 2 2 2 2 2 2 2 2 2 2 2 2 2 2
left_child=1 -1 -3 4 5 7 10 8 -4 -9 -7 -5 14 -8 -6 -2 -17 19 -13 -18
right_child=15 2 3 11 12 6 13 9 -10 -11 -12 18 -14 -15 -16 16 17 -19 -20 -21
leaf_value=0.42160457798323708 -0.14076309053024444 -0.26722526448113576 0.043353138474790373 0.080627595718870779 -0.5615180355205871 0.42852864030895549 -0.35405504815121919 -0.27833438017649093 0.45662034813646246 -0.01322448913509283 0.16921361188575648 0.31137463966218543 0.0035467090524069155 0.0069774507784711717 -0.20790947187815273 -0.59178495164734224 -0.52381694496100684 -0.15636167611225993 0.63897264094635997 -0.36450587876880441
leaf_weight=19 9.9999999999999982 15.999999999999998 126 13.999999999999998 16.999999999999996 43 13.999999999999998 50 19 124 70 10.000000000000002 9.9999999999999982 18 15.000000000000002 18 13.999999999999998 10.000000000000002 9.9999999999999982 12.999999999999998
leaf_count=19 10 16 126 14 17 43 14 50 19 124 70 10 10 18 15 18 14 10 10 13
internal_value=-3.88438e-05 0.0449509 0.0320043 0.0409201 0.0224512 0.051862 0.175511 -0.00437616 0.0977897 -0.0895273 0.268191 0.314878 -0.301795 -0.151554 -0.396959 -0.397498 -0.443819 -0.370407 0.477587 -0.448777
internal_weight=640 575 556 540 506 464 145 319 145 174 113 34 42 32 32 65 55 37 20 27
internal_count=640 575 556 540 506 464 145 319 145 174 113 34 42 32 32 65 55 37 20 27
is_linear=0
shrinkage=0.02


Tree=16
num_leaves=26
num_cat=0
split_feature=0 0 11 1 1 1 10 1 1 1 5 1 0 1 0 5 8 0 8 1 1 3 11 1 0
split_gain=27498.9 10676.8 7689.03 6321.31 6925.56 6891.41 4085.46 11845 6668.08 3233.65 3146.57 3094.72 2925.67 2368.3 2177.06 2104.97 1756.03 1723.95 701.822 1615.98 654.836 540.472 510.719 353.789 9.49874
threshold=1.2053678570961883 0.94602565651345216 -1.3419781550513372 0.21467751391775222 0.042709047701535441 0.70588263362861003 0.17043775088642049 -0.32856100545799177 -0.92567187759432923 0.93295731574727114 0.93641058853268289 1.1493898865716357 -1.6650386758841589 0.41331180072176249 1.3059291185466366 -1.6146698335260825 0.26367765329582399 1.1594978080135274 -1.5538609381267106 1.1876544876861741 0.11716930261043645 1.0744944910620888 1.3753131208461749 1.0524717547176679 1.6958245357492527
decision_type=2 2 2 2 2 2 2 2 2 2 2 2 2 2 2 2 2 2 2 2 2 2 2 2 2
left_child=1 2 12 4 6 13 10 8 -8 -7 -4 14 -1 -5 -2 21 -9 20 -14 -20 -3 -13 -17 -16 -23
right_child=11 17 3 5 -6 9 7 16 -10 -11 -12 15 18 -15 23 22 -18 -19 19 -21 -22 24 -24 -25 -26
leaf_value=-0.0090280376387036551 -0.38088195572214678 0.32254454819082512 -0.48507113619967607 -0.20377882199571623 0.43778196086054261 0.22590806259872001 0.095840891866664252 0.24436030584024193 -0.087740274975862675 -0.19727575061885452 -0.02628578477233421 -0.18782120255399343 0.47673188371106628 -0.55035335412499498 0.019628755891596083 -0.63213266463680107 0.5538611574350677 0.11623679142187138 0.47160366756958971 0.15156437254899385 0.50098627122067607 -0.38323589565517652 -0.43901605539085453 -0.13797570823442817 -0.32879510390857036
leaf_weight=11.999999999999998 11.999999999999998 17 11.000000000000002 14.999999999999998 15.999999999999998 16.000000000000004 145 14.000000000000002 174 12.999999999999998 12.999999999999998 11.999999999999998 11.999999999999995 17 13.000000000000002 13.000000000000002 15.999999999999998 9.9999999999999982 11.000000000000005 14.999999999999998 18 11.000000000000002 11.999999999999998 9.9999999999999982 11.999999999999998
leaf_count=12 12 17 11 15 16 16 145 14 174 13 13 12 12 17 13 13 16 10 11 15 18 11 12 10 12
internal_value=-4.08777e-05 0.0547073 0.0281155 0.0019461 0.0316454 -0.187173 0.0141087 0.0314941 -0.00428727 0.0361446 -0.237744 -0.31386 0.263146 -0.389069 -0.163678 -0.401032 0.410752 0.349431 0.348921 0.288292 0.415509 -0.299344 -0.541595 -0.0491523 -0.356422
internal_weight=640 545 500 450 389 61 373 349 319 29 24 95 50 32 35 60 30 45 38 26 35 35 25 23 23
internal_count=640 545 500 450 389 61 373 349 319 29 24 95 50 32 35 60 30 45 38 26 35 35 25 23 23
is_linear=0
shrinkage=0.02


Tree=17
num_leaves=22
num_cat=0
split_feature=11 11 0 5 5 3 3 3 5 3 8 0 0 0 0 3 3 0 5 3 0
split_gain=26478.9 6552.44 3499.62 6368.72 11211 7462.06 10129.5 6404.19 6801.18 6021.22 4141.01 3116.29 2846.65 2412.28 2207.6 4343.89 1777.03 1321.25 1493.59 1190.75 375.059
threshold=1.3550585694419792 -1.3575891381936926 -1.6773883044833366 1.3386556343344327 1.091663062350906 0.28306910234354016 0.74108758054479351 -0.74596919775590587 0.27835180746217308 -0.37963769097561989 -0.078493446257232966 -1.4374526631278808 -1.1534112053467891 1.3059291185466366 -1.2116308830286278 0.82243495805710964 0.94163976838172836 1.5582143885012709 -1.6252552294682263 0.91082025971570257 1.6781822091789989
decision_type=2 2 2 2 2 2 2 2 2 2 2 2 2 2 2 2 2 2 2 2 2
left_child=1 -1 -3 4 5 7 10 8 -4 -9 -7 -5 14 -8 15 -6 -2 -18 20 -13 -19
right_child=16 2 3 11 12 6 13 9 -10 -11 -12 19 -14 -15 -16 -17 17 18 -20 -21 -22
leaf_value=0.40747731039037249 -0.13524350874494798 -0.25986373862864809 0.040571465833167251 0.074175017201308674 -0.56425008805330135 0.41206879070076208 -0.34087081654697443 -0.27102749969193085 0.44562897527405099 -0.011206826060458022 0.16241148016762297 0.30408733518997028 -0.58425862968558129 0.0083732557527268128 0.048276206668060588 -0.00079893395452216133 -0.56872215990203523 -0.50829918935789287 -0.14568184616542096 0.61830555793082365 -0.35024700921910407
leaf_weight=19 9.9999999999999982 15.999999999999998 126 13.999999999999998 11.999999999999998 43 13.999999999999998 50 19 124 70 10.000000000000002 9.9999999999999982 18 10.000000000000002 9.9999999999999982 18 13.999999999999998 10.000000000000002 9.9999999999999982 12.999999999999998
leaf_count=19 10 16 126 14 12 43 14 50 19 124 70 10 10 18 10 10 18 14 10 10 13
internal_value=-4.14396e-05 0.0432324 0.0307123 0.0393704 0.0215351 0.0498811 0.16879 -0.00420141 0.0939254 -0.0859865 0.257703 0.303931 -0.290972 -0.144976 -0.197754 -0.309344 -0.382342 -0.426924 -0.356567 0.463541 -0.43381
internal_weight=640 575 556 540 506 464 145 319 145 174 113 34 42 32 32 22 65 55 37 20 27
internal_count=640 575 556 540 506 464 145 319 145 174 113 34 42 32 32 22 65 55 37 20 27
is_linear=0
shrinkage=0.02


Tree=18
num_leaves=22
num_cat=0
split_feature=11 11 0 5 5 1 1 1 5 1 8 0 0 0 0 1 1 1 1 11 8
split_gain=25437.1 6294.4 3361.81 6119.27 10770.6 7166.74 9729.93 6151.29 6533.36 5783.26 3977.48 2994.15 2735.1 2317.44 2120.95 4173.25 1707 1282.06 1144.01 580.908 1655.92
threshold=1.3550585694419792 -1.3575891381936926 -1.6773883044833366 1.3386556343344327 1.091663062350906 -0.32856100545799177 0.47071812565222243 -0.92567187759432923 0.27835180746217308 -0.80454214198581087 -0.078493446257232966 -1.4374526631278808 -1.1534112053467891 1.3059291185466366 -1.2116308830286278 0.70588263362861003 1.1493898865716357 1.372468940238105 1.0206968601065833 1.3744841050044443 -1.8202067037461556
decision_type=2 2 2 2 2 2 2 2 2 2 2 2 2 2 2 2 2 2 2 2 2
left_child=1 -1 -3 4 5 7 10 8 -4 -9 -7 -5 14 -8 15 -6 -2 -18 -13 20 -19
right_child=16 2 3 11 12 6 13 9 -10 -11 -12 18 -14 -15 -16 -17 17 19 -20 -21 -22
leaf_value=0.39937042670100142 -0.13256540430654395 -0.2546987381929196 0.03976067310324697 0.0727020379668432 -0.55305834123910946 0.40384654230418726 -0.33410176074251213 -0.26561777225749461 0.43676306385020303 -0.010982875874885912 0.159167882195553 0.29806579825901741 -0.57268914458775289 0.0082067157484549836 0.047320242589062964 -0.0007831204291617516 -0.62494949388031917 -0.42121627608746715 0.60606186899808367 -0.48015870567754654 -0.10726309922662106
leaf_weight=19 9.9999999999999982 15.999999999999998 126 13.999999999999998 11.999999999999998 43 13.999999999999998 50 19 124 70 10.000000000000002 9.9999999999999982 18 10.000000000000002 9.9999999999999982 9.9999999999999982 20.999999999999996 9.9999999999999982 13.999999999999998 10.000000000000005
leaf_count=19 10 16 126 14 12 43 14 50 19 124 70 10 10 18 10 10 10 21 10 14 10
internal_value=-4.44545e-05 0.0423695 0.0300984 0.0385843 0.0211017 0.0488854 0.165418 -0.00411604 0.0920537 -0.0842701 0.252559 0.297912 -0.285205 -0.142096 -0.193831 -0.303209 -0.374749 -0.418444 0.454363 -0.371247 -0.320644
internal_weight=640 575 556 540 506 464 145 319 145 174 113 34 42 32 32 22 65 55 20 45 31
internal_count=640 575 556 540 506 464 145 319 145 174 113 34 42 32 32 22 65 55 20 45 31
is_linear=0
shrinkage=0.02


Tree=19
num_leaves=22
num_cat=0
split_feature=11 11 0 5 5 1 1 1 1 1 8 0 0 1 0 1 1 1 1 11 8
split_gain=24436.6 6046.53 3229.43 5879.59 10347.5 6883.12 9346.08 5908.39 6287.81 5554.69 3907.2 2876.79 2627.92 2245.9 2037.69 4009.31 1639.76 1232.04 1099.11 558.113 1590.5
threshold=1.3550585694419792 -1.3575891381936926 -1.6773883044833366 1.3386556343344327 1.091663062350906 -0.32856100545799177 0.47071812565222243 -0.92567187759432923 -0.99051740657711473 -0.80454214198581087 0.26367765329582399 -1.4374526631278808 -1.1534112053467891 0.84878409952558909 -1.2116308830286278 0.70588263362861003 1.1493898865716357 1.372468940238105 1.0206968601065833 1.3744841050044443 -1.8202067037461556
decision_type=2 2 2 2 2 2 2 2 2 2 2 2 2 2 2 2 2 2 2 2 2
left_child=1 -1 -3 4 5 7 10 8 -4 -9 -7 -5 14 -8 15 -6 -2 -18 -13 20 -19
right_child=16 2 3 11 12 6 13 9 -10 -11 -12 18 -14 -15 -16 -17 17 19 -20 -21 -22
leaf_value=0.39142482946290391 -0.12994036948326793 -0.24963642404686584 0.01023818616972118 0.071258323006596125 -0.54208859069288262 0.19934384793626295 -0.28643218721474073 -0.26031601562709389 0.30699635677630338 -0.01076339030294626 0.53646110534667968 0.29216352302249105 -0.56134877089226598 0.050547775241500101 0.046383209417362015 -0.00076759507160375617 -0.61257424439534103 -0.41283186889937712 0.59406064302614414 -0.47062363059808177 -0.10513904651792917
leaf_weight=19 9.9999999999999982 15.999999999999998 106 13.999999999999998 11.999999999999998 97 18 50 39 124 15.999999999999998 10.000000000000002 9.9999999999999982 13.999999999999998 10.000000000000002 9.9999999999999982 9.9999999999999982 20.999999999999996 9.9999999999999982 13.999999999999998 10.000000000000005
leaf_count=19 10 16 106 14 12 97 18 50 39 124 16 10 10 14 10 10 10 21 10 14 10
internal_value=-4.7614e-05 0.0415239 0.0294968 0.0378139 0.0206771 0.0479097 0.162113 -0.0040324 0.0902194 -0.082588 0.247518 0.292012 -0.279553 -0.139274 -0.189986 -0.297196 -0.367309 -0.410135 0.445366 -0.363868 -0.314265
internal_weight=640 575 556 540 506 464 145 319 145 174 113 34 42 32 32 22 65 55 20 45 31
internal_count=640 575 556 540 506 464 145 319 145 174 113 34 42 32 32 22 65 55 20 45 31
is_linear=0
shrinkage=0.02


Tree=20
num_leaves=26
num_cat=0
split_feature=0 11 0 1 1 5 8 1 0 1 1 3 8 8 0 0 1 5 5 3 0 0 0 1 1
split_gain=23478.1 5774.25 3181.76 10099.7 3123.63 7791.46 7149.3 9281.19 7985.73 4515.37 4331.89 2943.25 2562.51 1988.58 2199.73 4340.15 3695.67 982.776 872.977 500.6 429.624 75.9413 33.7567 19.8123 7.10914
threshold=1.4170757759392376 -1.3575891381936926 0.94602565651345216 0.47071812565222243 -0.94355121831743338 0.27835180746217308 0.76150087589654958 -0.70230195378466098 -0.44066121190852253 -0.65839173664529971 -0.86818666414452672 1.0813465826710635 -0.8596207175272067 1.0715721578192754 0.083315887228025132 0.19269831196360074 -1.0361481606415002 -1.6146698335260825 0.34362841577211689 1.0744944910620888 1.0801073384473838 1.0254161260795962 1.5511574578731693 1.2151855802366494 2.0281276024769528
decision_type=2 2 2 2 2 2 2 2 2 2 2 2 2 2 2 2 2 2 2 2 2 2 2 2 2
left_child=1 -1 4 20 5 13 7 -6 -8 -9 18 -11 -5 14 16 -16 -3 19 -10 -2 21 -4 23 -19 -21
right_child=17 2 3 12 6 -7 8 9 10 11 -12 -13 -14 -15 15 -17 -18 22 -20 24 -22 -23 -24 -25 -26
leaf_value=0.38363733052583265 -0.16851648409504538 0.26036650739911432 0.45168045051826899 0.10552263122421124 0.44820853984792813 0.47828081939760486 -0.56747032019973465 -0.29653350792120936 -0.123581364879292 0.035038883255032308 0.19362241782757064 -0.23726283898827621 -0.28073519406644676 -0.23539045366910427 -0.24022996874663219 0.11277987336161469 -0.10272950587065323 -0.43823622660593925 -0.34456158149340921 -0.30519404797514599 0.28030254717686726 0.35828510383568185 -0.47305872963355472 -0.37088134140581697 -0.35502971649169923
leaf_weight=19 11.999999999999998 37 12.000000000000002 11.000000000000002 19 18 18 20 18.000000000000004 222 15.999999999999998 17 18 9.9999999999999982 23 35 15.999999999999998 11.000000000000002 11.999999999999998 12.000000000000002 21 9.9999999999999982 10.999999999999998 10.999999999999998 10.999999999999998
leaf_count=19 12 37 12 11 19 18 18 20 18 222 16 17 18 10 23 35 16 11 12 12 21 10 11 11 11
internal_value=-5.02672e-05 0.0417352 0.0299191 0.15382 0.0113424 0.0912534 -0.0211503 0.0227415 -0.211559 -0.00862749 -0.0713383 0.0155748 -0.13433 0.0333235 0.057731 -0.0273621 0.150747 -0.3511 -0.212858 -0.275633 0.348037 0.411087 -0.430035 -0.406435 -0.330506
internal_weight=640 572 553 72 481 139 342 278 64 259 46 239 29 121 111 58 53 68 30 35 43 22 33 22 23
internal_count=640 572 553 72 481 139 342 278 64 259 46 239 29 121 111 58 53 68 30 35 43 22 33 22 23
is_linear=0
shrinkage=0.02


Tree=21
num_leaves=21
num_cat=0
split_feature=11 11 0 11 8 0 0 0 0 1 1 1 1 1 0 1 11 8 0 1
split_gain=22613.3 5577.89 2984.6 5655.62 9031.89 9999.24 3066.24 2758.22 2564.44 8710.75 4971.22 1574.53 1172.16 1056.12 660.395 910.056 510.237 1505.6 358.746 673.325
threshold=1.3550585694419792 -1.3575891381936926 -1.6773883044833366 -1.3236523718946762 -0.43104384241263444 0.94602565651345216 1.3059291185466366 -1.4374526631278808 -0.83761355973924034 -0.25434692275744064 -0.92567187759432923 1.1493898865716357 1.372468940238105 1.0206968601065833 -1.2680863280534409 0.57577044773208852 1.3744841050044443 -1.8202067037461556 1.0254161260795962 0.21467751391775222
decision_type=2 2 2 2 2 2 2 2 2 2 2 2 2 2 2 2 2 2 2 2
left_child=1 -1 -3 7 6 8 14 -4 9 -6 -10 -2 -13 -9 -5 -16 17 -14 -7 -20
right_child=11 2 3 4 5 18 -8 13 10 -11 -12 12 16 -15 15 -17 -18 -19 19 -21
leaf_value=0.37600473928201877 -0.12084284905159828 -0.23995890670681591 0.069533690594612299 -0.17862711150227614 0.67519354338693149 0.44272147537262974 0.010680454982578426 0.28568424602546305 0.086806168882786056 0.036968212982709393 -0.068119333005056432 -0.59269974363912459 -0.39864464231011992 0.58160323567909777 -0.25924587797723414 -0.4872676487993603 -0.45231863912961162 -0.099319409403470421 0.20518639300731895 0.40092655548196754
leaf_weight=19 9.9999999999999982 15.999999999999998 13.999999999999998 12.999999999999998 9.9999999999999982 11.999999999999998 18 10.000000000000002 145 56 193 9.9999999999999982 20.999999999999996 9.9999999999999982 18.000000000000004 11.999999999999998 13.999999999999998 10.000000000000005 14.000000000000002 14.999999999999998
leaf_count=19 10 16 14 13 10 12 18 10 145 56 193 10 21 10 18 12 14 10 14 15
internal_value=-5.38286e-05 0.0399366 0.0283849 0.0363807 0.0195735 0.0508721 -0.208445 0.28569 0.0206288 0.134559 -0.00164823 -0.353349 -0.395308 0.435851 -0.300007 -0.351804 -0.350204 -0.30275 0.348079 0.307496
internal_weight=640 575 556 540 506 445 61 34 404 66 338 65 55 20 43 30 45 31 41 29
internal_count=640 575 556 540 506 445 61 34 404 66 338 65 55 20 43 30 45 31 41 29
is_linear=0
shrinkage=0.02


end of trees

feature_importances:
Column_0=159
Column_1=157
Column_5=71
Column_8=69
Column_11=62
Column_3=23
Column_2=13
Column_10=3
Column_12=1

parameters:
[boosting: gbdt]
[objective: regression]
[metric: l2]
[tree_learner: serial]
[device_type: cpu]
[data_sample_strategy: goss]
[data: ]
[valid: ]
[num_iterations: 3000]
[learning_rate: 0.02]
[num_leaves: 63]
[num_threads: -1]
[seed: 42]
[deterministic: 0]
[force_col_wise: 0]
[force_row_wise: 0]
[histogram_pool_size: -1]
[max_depth: 8]
[min_data_in_leaf: 10]
[min_sum_hessian_in_leaf: 0.001]
[bagging_fraction: 1]
[pos_bagging_fraction: 1]
[neg_bagging_fraction: 1]
[bagging_freq: 0]
[bagging_seed: 400]
[bagging_by_query: 0]
[feature_fraction: 0.9]
[feature_fraction_bynode: 1]
[feature_fraction_seed: 30056]
[extra_trees: 0]
[extra_seed: 12879]
[early_stopping_round: 100]
[early_stopping_min_delta: 0]
[first_metric_only: 0]
[max_delta_step: 0]
[lambda_l1: 0.05]
[lambda_l2: 0.1]
[linear_lambda: 0]
[min_gain_to_split: 0]
[drop_rate: 0.1]
[max_drop: 50]
[skip_drop: 0.5]
[xgboost_dart_mode: 0]
[uniform_drop: 0]
[drop_seed: 17869]
[top_rate: 0.3]
[other_rate: 0.1]
[min_data_per_group: 100]
[max_cat_threshold: 32]
[cat_l2: 10]
[cat_smooth: 10]
[max_cat_to_onehot: 4]
[top_k: 20]
[monotone_constraints: ]
[monotone_constraints_method: basic]
[monotone_penalty: 0]
[feature_contri: ]
[forcedsplits_filename: ]
[refit_decay_rate: 0.9]
[cegb_tradeoff: 1]
[cegb_penalty_split: 0]
[cegb_penalty_feature_lazy: ]
[cegb_penalty_feature_coupled: ]
[path_smooth: 0]
[interaction_constraints: ]
[verbosity: -1]
[saved_feature_importance_type: 0]
[use_quantized_grad: 0]
[num_grad_quant_bins: 4]
[quant_train_renew_leaf: 0]
[stochastic_rounding: 1]
[linear_tree: 0]
[max_bin: 255]
[max_bin_by_feature: ]
[min_data_in_bin: 3]
[bin_construct_sample_cnt: 200000]
[data_random_seed: 175]
[is_enable_sparse: 1]
[enable_bundle: 1]
[use_missing: 1]
[zero_as_missing: 0]
[feature_pre_filter: 1]
[pre_partition: 0]
[two_round: 0]
[header: 0]
[label_column: ]
[weight_column: ]
[group_column: ]
[ignore_column: ]
[categorical_feature: ]
[forcedbins_filename: ]
[precise_float_parser: 0]
[parser_config_file: ]
[objective_seed: 16083]
[num_class: 1]
[is_unbalance: 0]
[scale_pos_weight: 1]
[sigmoid: 1]
[boost_from_average: 1]
[reg_sqrt: 0]
[alpha: 0.9]
[fair_c: 1]
[poisson_max_delta_step: 0.7]
[tweedie_variance_power: 1.5]
[lambdarank_truncation_level: 30]
[lambdarank_norm: 1]
[label_gain: ]
[lambdarank_position_bias_regularization: 0]
[eval_at: ]
[multi_error_top_k: 1]
[auc_mu_weights: ]
[num_machines: 1]
[local_listen_port: 12400]
[time_out: 120]
[machine_list_filename: ]
[machines: ]
[gpu_platform_id: -1]
[gpu_device_id: -1]
[gpu_use_dp: 0]
[num_gpu: 1]

end of parameters

pandas_categorical:null
