tree
version=v4
num_class=1
num_tree_per_iteration=1
label_index=0
max_feature_idx=12
objective=regression
feature_names=Column_0 Column_1 Column_2 Column_3 Column_4 Column_5 Column_6 Column_7 Column_8 Column_9 Column_10 Column_11 Column_12
feature_infos=[-1.6374816889596262:1.8351025902401401] [-1.0890353484508963:2.57840537930216] [-2.2161241654515256:2.978389956933297] [-3.2515219372711601:1.13240519871875] [-1.7558836468487813:1.9931793829852564] [-1.8351025902396751:1.6374816889600687] [-1.6281139398984974:1.8458674971000688] [-1.6349910708128916:1.8306334094131531] [-2.5756758328459219:1.0898516788689141] [-1.5722926351021003:1.7202558403243302] [-2.5089812937792644:1.1097976199737127] [-1.3388266420700667:1.381200033821931] [-2.2848553490107575:1.1766308486283648]
tree_sizes=3303 3304 2511 2628 2506 2721 2512 3383 2622 3229 3358 3174 2545 3168 3166 2700 2988 3143

Tree=0
num_leaves=36
num_cat=0
split_feature=5 0 0 11 11 0 8 1 0 0 1 1 11 0 0 1 0 1 0 1 1 0 1 0 1 1 0 0 1 0 5 1 0 1 11
split_gain=24747.9 21406.1 8195.04 8054.48 5070.21 4674.81 7219.71 4151.19 8435.02 7759.97 7128.96 5112.27 3917.38 3893.26 6322.36 3538.22 3504.78 3121.79 5278.94 4598.23 2905.46 2355.35 2353.25 1953.55 6413.62 3727.21 1426.09 1282.32 1244.78 3095.77 1563.41 1011.27 610.848 418.371 119.727
threshold=1.210381714861714 -1.4980204729275071 -0.80594418836811577 1.3655993325609823 -1.3381404059003503 1.474246693757032 -1.6213349841881188 -0.036275145284507641 0.58518144155227247 -0.0092719917846354315 0.77258894330417693 -0.6843512815968793 1.3527163572095129 -1.3742486436990011 -1.2644229360737074 -1.0842563520468171 -0.74492990635406375 -1.0331038808408326 0.47709899912738002 -1.0699193628345809 0.79411862823832424 -1.4492090473162651 -0.32651403854801841 -1.0099062168150901 0.2120542413815826 -0.22706271795873717 0.65491204956833193 0.70721000558037661 0.50496514467576414 1.0645793716626819 -1.1046744712714676 -0.10485308177217899 -1.6095894457532021 -0.30630436934501137 1.3766454034502729
decision_type=2 2 2 2 2 2 2 2 2 2 2 2 2 2 2 2 2 2 2 2 2 2 2 2 2 2 2 2 2 2 2 2 2 2 2
left_child=2 4 23 7 -2 -5 34 8 9 11 28 15 -12 21 20 -4 -13 19 -19 -11 -15 -3 26 24 -1 33 -10 -28 29 -9 -31 -27 -6 -25 -7
right_child=1 13 3 5 32 6 -8 10 22 17 12 16 -14 14 -16 -17 -18 18 -20 -21 -22 -23 -24 25 -26 31 27 -29 -30 30 -32 -33 -34 -35 -36
leaf_value=419.76386450530288 419.87397185306742 420.16702429494785 419.16706808362994 418.99022820737105 419.43857869450409 419.31115416356835 419.87132357353516 419.77017039236597 419.49994756191097 419.77744258077695 419.34113137048911 419.54443423126179 419.75734202810418 419.59294158755125 420.35549958203802 419.54472087905987 419.9158469439123 419.58158419247849 419.95631243301159 420.19964493390569 420.02610232637284 420.57363621986667 419.61297449689886 419.41344048160141 419.25189974774867 418.99538150916231 419.0837722137187 419.35971515355607 419.75880493916964 419.97208322076932 420.30384522312937 419.28133533978229 419.21367056426436 419.59254910675259 419.19832945351556
leaf_weight=20 10.000000000000002 13.000000000000002 10.999999999999998 9.9999999999999982 10.000000000000002 9.9999999999999982 12.000000000000002 19 17 29 18 17 18 11.000000000000002 14.999999999999998 95 25 43 23 15.999999999999998 13.999999999999998 10.999999999999998 19 10.000000000000002 19 11.000000000000002 9.9999999999999982 22 17 14.000000000000002 9.9999999999999982 9.9999999999999982 9.9999999999999982 10.999999999999998 9.9999999999999982
leaf_count=20 10 13 11 10 10 10 12 19 17 29 18 17 18 11 15 95 25 43 23 16 14 11 19 10 19 11 10 22 17 14 10 10 10 11 10
internal_value=419.649 419.948 419.597 419.629 419.508 419.366 419.485 419.656 419.622 419.674 419.771 419.579 419.549 420.155 420.032 419.505 419.766 419.8 419.712 419.928 419.836 420.356 419.424 419.412 419.514 419.317 419.351 419.272 419.905 419.962 420.113 419.129 419.324 419.507 419.253
internal_weight=640 94 546 465 30 42 32 423 327 259 96 148 36 64 40 106 42 111 66 45 25 24 68 81 39 42 49 32 60 43 24 21 20 21 20
internal_count=640 94 546 465 30 42 32 423 327 259 96 148 36 64 40 106 42 111 66 45 25 24 68 81 39 42 49 32 60 43 24 21 20 21 20
is_linear=0
shrinkage=1


Tree=1
num_leaves=35
num_cat=0
split_feature=5 0 0 11 11 0 0 1 0 0 1 1 11 0 0 1 0 1 0 1 1 0 1 0 1 1 0 0 1 0 5 1 1 11
split_gain=23775.1 20565.3 7873.22 7738.83 4917.42 4491.42 6936.48 3988.17 8103.32 7454.23 6848.7 4910.54 3763.11 3740.67 6073.6 3399.65 3366.62 2998.82 5070.72 4417.39 2791.26 2263.01 2260.71 1877.14 6160.95 3580.92 1370.04 1232.3 1195.93 2974.38 1502.24 971.478 401.957 114.994
threshold=1.210381714861714 -1.4980204729275071 -0.80594418836811577 1.3655993325609823 -1.3376468478516041 1.474246693757032 1.5736128101799167 -0.036275145284507641 0.58518144155227247 -0.0092719917846354315 0.77258894330417693 -0.6843512815968793 1.3527163572095129 -1.3742486436990011 -1.2644229360737074 -1.0842563520468171 -0.74492990635406375 -1.0331038808408326 0.47709899912738002 -1.0699193628345809 0.79411862823832424 -1.4492090473162651 -0.32651403854801841 -1.0099062168150901 0.2120542413815826 -0.22706271795873717 0.65491204956833193 0.70721000558037661 0.50496514467576414 1.0645793716626819 -1.1046744712714676 -0.10485308177217899 -0.30630436934501137 1.3766454034502729
decision_type=2 2 2 2 2 2 2 2 2 2 2 2 2 2 2 2 2 2 2 2 2 2 2 2 2 2 2 2 2 2 2 2 2 2
left_child=2 4 23 7 -2 -5 -7 8 9 11 28 15 -12 21 20 -4 -13 19 -19 -11 -15 -3 26 24 -1 32 -10 -28 29 -9 -31 -27 -25 -8
right_child=1 13 3 5 -6 6 33 10 22 17 12 16 -14 14 -16 -17 -18 18 -20 -21 -22 -23 -24 25 -26 31 27 -29 -30 30 -32 -33 -34 -35
leaf_value=0.11283457476108229 0.15398662301420252 0.50799883369271071 -0.47212420341667832 -0.64547084525080012 -0.3611801685087862 0.21816978961475625 -0.33089989048419599 0.1190155634206003 -0.14583291862443176 0.12613845105843036 -0.30148937726547703 -0.10223077021147076 0.10644304674633301 -0.054691409549197614 0.69271909473747617 -0.10193984936213771 0.26178715918643541 -0.065814726623747571 0.30144868718597279 0.53995634215218669 0.36986966532172888 0.90656602395547414 -0.035052870156253198 -0.23063901240282714 -0.38894392403008426 -0.64040797371048086 -0.55377921434912358 -0.28326943066055416 0.10787760313491374 0.31692328226481759 0.64213392323786667 -0.36012822934896643 -0.055076121768435911 -0.44149043526979959
leaf_weight=20 13.000000000000002 13.000000000000002 10.999999999999998 9.9999999999999982 17 11.999999999999998 10.000000000000002 19 17 29 18 17 18 11.000000000000002 14.999999999999998 95 25 43 23 15.999999999999998 13.999999999999998 10.999999999999998 19 10.000000000000002 19 11.000000000000002 9.9999999999999982 22 17 14.000000000000002 9.9999999999999982 9.9999999999999982 10.999999999999998 9.9999999999999982
leaf_count=20 13 13 11 10 17 12 10 19 17 29 18 17 18 11 15 95 25 43 23 16 14 11 19 10 19 11 10 22 17 14 10 10 11 10
internal_value=0 0.293612 -0.0505943 -0.0188735 -0.138138 -0.277471 -0.160788 0.00686005 -0.0264178 0.0246138 0.120133 -0.0682873 -0.0977656 0.49591 0.375764 -0.140773 0.11453 0.148441 0.0624183 0.274167 0.183549 0.693721 -0.220553 -0.232435 -0.131966 -0.325169 -0.292244 -0.369297 0.250833 0.306946 0.454571 -0.509328 -0.139422 -0.388166
internal_weight=640 94 546 465 30 42 32 423 327 259 96 148 36 64 40 106 42 111 66 45 25 24 68 81 39 42 49 32 60 43 24 21 21 20
internal_count=640 94 546 465 30 42 32 423 327 259 96 148 36 64 40 106 42 111 66 45 25 24 68 81 39 42 49 32 60 43 24 21 21 20
is_linear=0
shrinkage=0.02


Tree=2
num_leaves=25
num_cat=0
split_feature=2 1 2 11 2 11 1 2 4 1 11 1 1 8 1 1 2 2 2 1 1 1 2 1
split_gain=22927 17693.9 11604.5 6352.36 7342.8 7043.65 5102.92 4847.8 4790.04 6913.67 4723.93 4713.07 4243.66 4008.84 6160.94 4263.82 2978.08 2565.69 5438.82 2681.55 2516.57 2433.84 2174.3 1911.37
threshold=-0.79463098005379795 1.3548859918279594 -0.66228859796184725 1.3673283897079942 -0.059564664743028052 1.3741653559020695 0.98168869359497035 -0.058789505038969465 -0.0072432792836215993 -1.0331038808408326 -1.3376468478516041 -0.036275145284507641 -1.0699193628345809 -0.048245963713578068 -0.22706271795873717 -1.0011050000618564 -0.48767730831712924 -1.0519187826343084 -0.97198692705348033 0.79411862823832424 -1.0444977661560904 1.597680397149803 -1.5544153162817296 -0.6843512815968793
decision_type=2 2 2 2 2 2 2 2 2 2 2 2 2 2 2 2 2 2 2 2 2 2 2 2
left_child=1 6 -2 4 13 -5 17 -6 -9 12 -3 -11 -10 -4 15 20 -16 19 -19 -1 -15 -7 -8 -17
right_child=2 10 3 5 7 21 22 8 9 11 -12 -13 -14 14 16 23 -18 18 -20 -21 -22 -23 -24 -25
leaf_value=-0.053607451292845561 -0.66480790477153695 0.15093038966637529 0.23155974348714525 -0.71492692019488358 0.43221174539613333 0.080076100598764771 0.49791638789286125 -0.33598731039263674 0.12362436679630344 -0.079616666637544409 -0.35399881825809587 0.10022700605232895 0.52922429973294272 -0.14445246309847443 -0.23152007324016641 -0.12911854329246353 -0.65590648958505682 0.79582148405882669 0.19093519487453783 0.36252474169359139 -0.58361549509633892 -0.32262708165624121 0.8885980712615692 0.029176257703270286
leaf_weight=11.000000000000002 11.999999999999998 13.000000000000002 11.999999999999998 10.999999999999998 11.999999999999998 13.000000000000002 13.000000000000002 13.999999999999998 29 134 17 103 15.999999999999998 11.000000000000002 15.000000000000002 59 11.999999999999998 11.000000000000002 12.999999999999998 13.999999999999998 9.9999999999999982 10.999999999999998 10.999999999999998 63
leaf_count=11 12 13 12 11 12 13 13 14 29 134 17 103 16 11 15 59 12 11 13 14 10 11 11 63
internal_value=0 0.273175 -0.0524395 -0.0383167 -0.0196924 -0.298229 0.441047 0.0398187 0.0237669 0.0417433 -0.135388 -0.00144323 0.268714 -0.120375 -0.145345 -0.0928639 -0.421897 0.32286 0.470368 0.179903 -0.3554 -0.105028 0.679964 -0.047411
internal_weight=640 103 537 525 490 35 73 308 296 282 30 237 45 182 170 143 27 49 24 25 21 24 24 122
internal_count=640 103 537 525 490 35 73 308 296 282 30 237 45 182 170 143 27 49 24 25 21 24 24 122
is_linear=0
shrinkage=0.02


Tree=3
num_leaves=26
num_cat=0
split_feature=0 0 0 11 0 11 0 0 0 1 11 1 1 8 1 1 0 0 0 1 1 0 0 1 0
split_gain=22027 16998.4 11148.7 6103.11 7053.96 6767.17 4902.56 4657.43 4601.67 6641.35 4564.91 4526.59 4076.76 3851.32 5918.95 4096.82 2861.18 2465.08 5225.42 2576.15 2417.88 2338.31 2089.06 1835.81 622.854
threshold=-1.1441376372460044 -1.4980204729275071 -1.0709204988291419 1.3673283897079942 -0.12955729061233814 1.3741653559020695 -1.3742486436990011 -0.08423239540189946 -0.0092719917846354315 -1.0331038808408326 -1.3381404059003503 -0.036275145284507641 -1.0699193628345809 -0.048245963713578068 -0.22706271795873717 -1.0011050000618564 -0.95586499560264382 -1.2644229360737074 -1.2295576320656776 0.79411862823832424 -1.0444977661560904 1.5736128101799167 -1.4492090473162651 -0.6843512815968793 -1.6095894457532021
decision_type=2 2 2 2 2 2 2 2 2 2 2 2 2 2 2 2 2 2 2 2 2 2 2 2 2
left_child=1 10 -2 4 13 -5 22 -6 -9 12 -1 -11 -10 -4 15 20 -16 19 -19 -8 -15 -7 -3 -17 -12
right_child=2 6 3 5 7 21 17 8 9 11 24 -13 -14 14 16 23 -18 18 -20 -21 -22 -23 -24 -25 -26
leaf_value=0.21473493236126281 -0.65162162181759675 0.48803407974825547 0.22696682275819385 -0.70075718682091526 0.42363894470467051 0.078486785788572461 -0.052544944694450299 -0.32931522436492833 0.12116036010362027 -0.07802551955184682 -0.1918366417082229 0.098224411691772956 0.51870554948075209 -0.14158944344735358 -0.2269203466453299 -0.12654054877318302 -0.64289677056399253 0.78004843514244815 0.18714562219517836 0.35532567950850685 -0.57205877625116031 -0.31623266958975577 0.87098622700115591 0.028593662673055468 -0.41835115394969974
leaf_weight=10.000000000000002 11.999999999999998 13.000000000000002 11.999999999999998 10.999999999999998 11.999999999999998 13.000000000000002 11.000000000000002 13.999999999999998 29 134 10.000000000000002 103 15.999999999999998 11.000000000000002 15.000000000000002 59 11.999999999999998 11.000000000000002 12.999999999999998 13.999999999999998 9.9999999999999982 10.999999999999998 10.999999999999998 63 9.9999999999999982
leaf_count=10 12 13 12 11 12 13 11 14 29 134 10 103 16 11 15 59 12 11 13 14 10 11 11 63 10
internal_value=0 0.267761 -0.0513995 -0.0375568 -0.0193015 -0.292319 0.432301 0.0390274 0.0232938 0.0409133 -0.132693 -0.00141411 0.263369 -0.117984 -0.142459 -0.0910183 -0.413526 0.316456 0.461043 0.176328 -0.348362 -0.102946 0.666481 -0.0464643 -0.306662
internal_weight=640 103 537 525 490 35 73 308 296 282 30 237 45 182 170 143 27 49 24 25 21 24 24 122 20
internal_count=640 103 537 525 490 35 73 308 296 282 30 237 45 182 170 143 27 49 24 25 21 24 24 122 20
is_linear=0
shrinkage=0.02


Tree=4
num_leaves=25
num_cat=0
split_feature=0 0 0 11 0 11 0 0 0 3 11 3 3 8 3 3 0 0 0 3 3 0 0 3
split_gain=21161.8 16331.2 10710.8 5863.64 6776.49 6501.54 4710.06 4474.54 4420.7 6379.76 4410.08 4347.49 3916.42 3700 5686.47 3936.37 2748.87 2368.42 5020.38 2474.89 2323.07 2246.52 2007.16 1763.24
threshold=-1.1441376372460044 -1.4980204729275071 -1.0709204988291419 1.3673283897079942 -0.12955729061233814 1.3741653559020695 -1.3742486436990011 -0.08423239540189946 -0.0092719917846354315 -1.2797276011820087 -1.3376468478516041 0.48175469239176755 -1.7555358749020431 -0.048245963713578068 0.35400472000889732 -1.0475722720991729 -0.95586499560264382 -1.2644229360737074 -1.2295576320656776 0.82852693125508947 -1.3895022047531571 1.5736128101799167 -1.4492090473162651 -0.13732172027853365
decision_type=2 2 2 2 2 2 2 2 2 2 2 2 2 2 2 2 2 2 2 2 2 2 2 2
left_child=1 10 -2 4 13 -5 22 -6 -9 12 -1 -11 -10 -4 15 20 -16 19 -19 -8 -15 -7 -3 -17
right_child=2 6 3 5 7 21 17 8 9 11 -12 -13 -14 14 16 23 -18 18 -20 -21 -22 -23 -24 -25
leaf_value=0.14657254648572612 -0.63869691281279262 0.47834791838667762 0.22246500078311635 -0.6868683122514605 0.41523618335566248 0.07692905657164012 -0.051503525467606261 -0.32277563199083859 0.11874548263156535 -0.076466176428962002 -0.34129143871061979 0.0962618320625344 0.50839586518566049 -0.13878315281223605 -0.22241199973403217 -0.12401402140228478 -0.63014509807933461 0.76458799121616094 0.18343128349944837 0.34826955281250871 -0.56073087597837545 -0.30996501888240779 0.85372343355470948 0.028022687129097772
leaf_weight=13.000000000000002 11.999999999999998 13.000000000000002 11.999999999999998 10.999999999999998 11.999999999999998 13.000000000000002 11.000000000000002 13.999999999999998 29 134 17 103 15.999999999999998 11.000000000000002 15.000000000000002 59 11.999999999999998 11.000000000000002 12.999999999999998 13.999999999999998 9.9999999999999982 10.999999999999998 10.999999999999998 63
leaf_count=13 12 13 12 11 12 13 11 14 29 134 17 103 16 11 15 59 12 11 13 14 10 11 11 63
internal_value=0 0.262449 -0.0503801 -0.0368119 -0.0189183 -0.286526 0.423727 0.0382518 0.0228302 0.0400998 -0.130066 -0.00138557 0.25813 -0.115641 -0.13963 -0.0892094 -0.40532 0.310179 0.451904 0.172825 -0.341463 -0.100906 0.653265 -0.0455364
internal_weight=640 103 537 525 490 35 73 308 296 282 30 237 45 182 170 143 27 49 24 25 21 24 24 122
internal_count=640 103 537 525 490 35 73 308 296 282 30 237 45 182 170 143 27 49 24 25 21 24 24 122
is_linear=0
shrinkage=0.02


Tree=5
num_leaves=27
num_cat=0
split_feature=0 0 0 11 0 0 11 0 8 0 0 1 1 1 8 1 0 0 0 0 1 1 0 1 0 11
split_gain=20331.1 15689.3 10290.1 5658.77 6824.94 4525.13 4245.73 4208.9 6078.78 4203.93 4355.04 5889.17 4883.67 3762.39 3554.62 5463.12 3782.19 2640.96 2275.54 4823.39 2377.61 2231.97 1928.47 1693.53 615.573 132.415
threshold=-1.1441376372460044 -1.4980204729275071 -1.0709204988291419 1.3655993325609823 -0.12955729061233814 -1.3742486436990011 -1.3381404059003503 1.474246693757032 -1.6213349841881188 -0.08423239540189946 -0.0092719917846354315 -1.0331038808408326 -0.036275145284507641 -1.0699193628345809 -0.048245963713578068 -0.22706271795873717 -0.27250503704526013 -0.95586499560264382 -1.2644229360737074 -1.2295576320656776 0.79411862823832424 -1.0444977661560904 -1.4492090473162651 -0.6843512815968793 -1.6095894457532021 1.3766454034502729
decision_type=2 2 2 2 2 2 2 2 2 2 2 2 2 2 2 2 2 2 2 2 2 2 2 2 2 2
left_child=1 6 -2 4 14 22 -1 -5 25 -6 -11 13 -13 -12 -4 16 23 -17 20 -20 -7 -18 -3 -16 -8 -9
right_child=2 5 3 7 9 18 24 8 -10 10 11 12 -14 -15 15 17 21 -19 19 -21 -22 -23 -24 -25 -26 -27
leaf_value=0.20758033450287161 -0.62602853570102657 0.46885399301543479 0.2180524624280693 -0.61467258944369785 0.40700010417906707 -0.050482736535974439 -0.18127966106528098 -0.29923850843221833 0.20917153380133882 -0.31636591568060801 0.11637872556640519 -0.074937990378480104 0.11186301001788553 0.49829113085077409 -0.12153794154701297 -0.2179932161040653 -0.13603250864389776 -0.61764637179611148 0.74943400236937352 0.17979067620430286 0.34135356213184109 -0.54962729878944927 0.8368027533711615 0.027463123635898114 -0.40620692858601559 -0.41395944217644115
leaf_weight=10.000000000000002 11.999999999999998 13.000000000000002 11.999999999999998 9.9999999999999982 11.999999999999998 11.000000000000002 10.000000000000002 9.9999999999999982 12.000000000000002 13.999999999999998 29 134 96 15.999999999999998 59 15.000000000000002 11.000000000000002 11.999999999999998 11.000000000000002 12.999999999999998 13.999999999999998 9.9999999999999982 10.999999999999998 63 9.9999999999999982 9.9999999999999982
leaf_count=10 12 13 12 10 12 11 10 10 12 14 29 134 96 16 59 15 11 12 11 13 14 10 11 63 10 10
internal_value=0 0.257247 -0.049381 -0.0360818 -0.0166923 0.415324 -0.127477 -0.258468 -0.145555 0.0417632 0.0264587 0.0440238 0.00304151 0.252996 -0.113344 -0.136857 -0.0874365 -0.397277 0.304027 0.442945 0.169392 -0.334701 0.640311 -0.0446271 -0.295254 -0.358423
internal_weight=640 103 537 525 483 73 30 42 32 301 289 275 230 45 182 170 143 27 49 24 25 21 24 122 20 20
internal_count=640 103 537 525 483 73 30 42 32 301 289 275 230 45 182 170 143 27 49 24 25 21 24 122 20 20
is_linear=0
shrinkage=0.02


Tree=6
num_leaves=25
num_cat=0
split_feature=0 0 0 11 0 11 0 0 11 0 1 1 1 8 1 1 0 0 0 1 1 0 0 1
split_gain=19532.6 15073.4 9885.94 5473.21 6266.69 6102.4 4347.45 4126.56 4117.77 4083.7 5877.79 4032.2 3614.42 3414.96 5248.54 3634.06 2537.29 2186.31 4634.13 2284.16 2144.45 2036.12 1852.86 1626.59
threshold=-1.1441376372460044 -1.4980204729275071 -1.0709204988291419 1.3673283897079942 -0.12955729061233814 1.3741653559020695 -1.3742486436990011 -0.08423239540189946 -1.3376468478516041 -0.0092719917846354315 -1.0331038808408326 -0.036275145284507641 -1.0699193628345809 -0.048245963713578068 -0.22706271795873717 -1.0011050000618564 -0.95586499560264382 -1.2644229360737074 -1.2295576320656776 0.79411862823832424 -1.0444977661560904 1.5736128101799167 -1.4492090473162651 -0.6843512815968793
decision_type=2 2 2 2 2 2 2 2 2 2 2 2 2 2 2 2 2 2 2 2 2 2 2 2
left_child=1 8 -2 4 13 -5 22 -6 -1 -9 12 -12 -11 -4 15 20 -16 19 -19 -8 -15 -7 -3 -17
right_child=2 6 3 5 7 21 17 9 -10 10 11 -13 -14 14 16 23 -18 18 -20 -21 -22 -23 -24 -25
leaf_value=0.14235479369418311 -0.61361142103337063 0.45954847146536543 0.21372748083319543 -0.66448211532455304 0.39892737167925874 0.072508488920808731 -0.04948216893651463 -0.31008345642833846 -0.32905963033263441 0.11405914842467946 -0.07344034921491796 0.092906364930213731 0.48838717442861995 -0.13333636309649491 -0.21366221219498585 -0.11911129005871045 -0.60539553115683153 0.73458039172060841 0.1762223093746273 0.33457492625459706 -0.53874359357475055 -0.29582365603060334 0.82021749011031153 0.026914725160069777
leaf_weight=13.000000000000002 11.999999999999998 13.000000000000002 11.999999999999998 10.999999999999998 11.999999999999998 13.000000000000002 11.000000000000002 13.999999999999998 17 29 134 103 15.999999999999998 11.000000000000002 15.000000000000002 59 11.999999999999998 11.000000000000002 12.999999999999998 13.999999999999998 9.9999999999999982 10.999999999999998 10.999999999999998 63
leaf_count=13 12 13 12 11 12 13 11 14 17 29 134 103 16 11 15 59 12 11 13 14 10 11 11 63
internal_value=0 0.252144 -0.0484024 -0.035367 -0.0180794 -0.276625 0.407088 0.0368981 -0.124953 0.0220881 0.0386865 -0.0011333 0.247964 -0.111093 -0.134139 -0.0856988 -0.389394 0.297996 0.434164 0.166026 -0.328073 -0.0967959 0.627614 -0.0437359
internal_weight=640 103 537 525 490 35 73 308 30 296 282 237 45 182 170 143 27 49 24 25 21 24 24 122
internal_count=640 103 537 525 490 35 73 308 30 296 282 237 45 182 170 143 27 49 24 25 21 24 24 122
is_linear=0
shrinkage=0.02


Tree=7
num_leaves=35
num_cat=0
split_feature=5 0 0 11 0 0 0 1 1 8 11 0 0 0 0 0 1 1 1 0 1 1 1 1 8 0 0 0 0 1 3 0 11 0
split_gain=18790.3 16224.8 6561.64 6807.28 8547.43 4500.6 6214.16 5448.98 4161.96 6428.02 3955.75 3716.67 2908.86 4863.91 2262.57 4009.23 2629.86 2194.38 2028.63 4870.09 3472.26 1842.82 3554.03 3284.18 3104.19 1780.22 1754.43 1317.05 1186 892.882 638.498 301.411 134.356 0.175774
threshold=1.210381714861714 -1.4980204729275071 -0.80594418836811577 1.3343633189466428 1.0645793716626819 0.58518144155227247 -0.0092719917846354315 -0.32651403854801841 -1.0842563520468171 1.0726516929602479 -1.3376468478516041 1.1046744712719161 -1.3742486436990011 -1.2644229360737074 1.474246693757032 1.5736128101799167 1.0787636714605411 0.79411862823832424 -1.0331038808408326 0.47709899912738002 -1.0699193628345809 -0.12282789169764836 0.2120542413815826 -0.2472901346466588 -0.048245963713578068 -1.4492090473162651 1.7217903522140432 0.65491204956833193 0.70721000558037661 0.50496514467576414 0.39704065090621971 0.98961896804541782 1.3766454034502729 1.7845478994284971
decision_type=2 2 2 2 2 2 2 2 2 2 2 2 2 2 2 2 2 2 2 2 2 2 2 2 2 2 2 2 2 2 2 2 2 2
left_child=2 10 21 4 5 6 8 27 -4 -10 -2 -6 25 17 16 -16 -5 -14 20 -20 -8 23 24 -1 -23 -3 32 -7 -29 -13 -9 -32 -17 -28
right_child=1 12 3 14 11 7 18 30 9 -11 -12 29 13 -15 15 26 -18 -19 19 -21 -22 22 -24 -25 -26 -27 33 28 -30 -31 31 -33 -34 -35
leaf_value=-0.18247640090463044 0.1395294303156947 0.45042768172635361 -0.43076713570603381 -0.16463277696653172 0.61952765851917835 -0.13532830784892477 0.111785800276753 0.17638988485430729 -0.074384574626733577 0.37644162441821805 -0.32251691450152481 0.30071097800072205 -0.048501444636164466 0.61837462172602975 0.20358447794086679 -0.28538430034524132 -0.59680130495883454 0.32793088764163619 -0.056869507906331815 0.30306244862544068 0.47868011761896356 0.21156591888860607 -0.3563995627957488 -0.63044622926428762 -0.17967602015789891 0.80396096037314824 -0.07571175197223283 -0.53523931729911578 -0.27001455699696258 0.089828604253798891 -0.090203053371326322 0.043628051995533948 -0.39990433268027731 -0.088829766075209829
leaf_weight=19.000000000000004 13.000000000000002 13.000000000000002 10.999999999999998 13.000000000000002 9.9999999999999982 17 29 9.9999999999999982 123 13.999999999999998 17 13.999999999999998 11.000000000000002 14.999999999999998 11.999999999999998 10.000000000000002 9.9999999999999982 13.999999999999998 43 23 15.999999999999998 13.999999999999998 19 9.9999999999999982 19 10.999999999999998 11.000000000000002 9.9999999999999982 22 19 11.000000000000002 17 9.9999999999999982 9.9999999999999982
leaf_count=19 13 13 11 13 10 17 29 10 123 14 17 14 11 15 12 10 10 14 43 23 16 14 19 10 19 11 11 10 22 19 11 17 10 10
internal_value=0 0.261023 -0.0449787 -0.0160204 0.0178152 -0.0152617 0.0265494 -0.139633 -0.0582743 -0.0280665 -0.122465 0.28341 0.44071 0.334736 -0.189015 -0.116716 -0.354346 0.162727 0.139607 0.0688149 0.243031 -0.210984 -0.13927 -0.338619 -0.0135267 0.615169 -0.210754 -0.278806 -0.354338 0.179962 0.040061 -0.00904677 -0.344399 -0.0823972
internal_weight=640 94 546 465 389 346 259 87 148 137 30 43 64 40 76 53 23 25 111 66 45 81 52 29 33 24 41 49 32 33 38 28 20 21
internal_count=640 94 546 465 389 346 259 87 148 137 30 43 64 40 76 53 23 25 111 66 45 81 52 29 33 24 41 49 32 33 38 28 20 21
is_linear=0
shrinkage=0.02


Tree=8
num_leaves=26
num_cat=0
split_feature=0 0 0 11 0 11 0 0 11 0 1 1 1 8 1 1 0 0 0 1 1 0 0 1 0
split_gain=18147.7 13972.9 9347.3 5109.3 5795.07 5728.09 3969.92 3828.29 3822.61 3793.1 5415.16 3764.59 3335.7 3150.98 4897.39 3504.98 2362.7 2072.17 4236.11 2108.13 2060.61 1843.65 1710.42 1584.31 624.156
threshold=-1.1441376372460044 -1.4980204729275071 -1.0709204988291419 1.3673283897079942 -0.12955729061233814 1.3741653559020695 -1.3742486436990011 -0.08423239540189946 -1.3381404059003503 -0.0092719917846354315 -1.0331038808408326 -0.036275145284507641 -1.0699193628345809 -0.048245963713578068 -0.22706271795873717 -1.0011050000618564 -0.95586499560264382 -1.2644229360737074 -1.2295576320656776 0.79411862823832424 -1.0444977661560904 1.5736128101799167 -1.4492090473162651 -0.6843512815968793 -1.6095894457532021
decision_type=2 2 2 2 2 2 2 2 2 2 2 2 2 2 2 2 2 2 2 2 2 2 2 2 2
left_child=1 8 -2 4 13 -5 22 -6 -1 -9 12 -12 -11 -4 15 20 -16 19 -19 -8 -15 -7 -3 -17 -10
right_child=2 6 3 5 7 21 17 9 24 10 11 -13 -14 14 16 23 -18 18 -20 -21 -22 -23 -24 -25 -26
leaf_value=0.19788796349327156 -0.59624912888550563 0.44148790082858702 0.20529187919679753 -0.64285036843102261 0.3842933011646113 0.068250748874576939 -0.047540144361891176 -0.29880647365083085 -0.16478744771220893 0.10955778910122374 -0.070762170211847469 0.089969823417099332 0.46916599178906543 -0.12921936825589014 -0.20584755221739504 -0.11524793111733374 -0.5838632770018144 0.70776503915185307 0.17384552001953124 0.32141877532850766 -0.52660243761421432 -0.28224077688681115 0.78802658106829671 0.02886607067331837 -0.39080601401848369
leaf_weight=10.000000000000002 11.999999999999998 13.000000000000002 11.999999999999998 10.999999999999998 11.999999999999998 13.000000000000002 11.000000000000002 13.999999999999998 10.000000000000002 29 134 103 15.999999999999998 11.000000000000002 15.000000000000002 59 11.999999999999998 11.000000000000002 12.999999999999998 13.999999999999998 9.9999999999999982 10.999999999999998 10.999999999999998 63 9.9999999999999982
leaf_count=10 12 13 12 11 12 13 11 14 10 29 134 103 16 11 15 59 12 11 13 14 10 11 11 63 10
internal_value=0 0.243042 -0.0466535 -0.0339783 -0.0172752 -0.267078 0.392222 0.0355929 -0.120027 0.021328 0.037325 -0.00089548 0.238197 -0.10672 -0.128858 -0.0820665 -0.375426 0.287961 0.420522 0.159494 -0.320096 -0.0928543 0.60297 -0.0408575 -0.279229
internal_weight=640 103 537 525 490 35 73 308 30 296 282 237 45 182 170 143 27 49 24 25 21 24 24 122 20
internal_count=640 103 537 525 490 35 73 308 30 296 282 237 45 182 170 143 27 49 24 25 21 24 24 122 20
is_linear=0
shrinkage=0.02


Tree=9
num_leaves=33
num_cat=0
split_feature=0 0 0 11 8 0 0 0 1 1 0 11 0 0 1 0 0 1 0 0 1 0 0 0 1 0 5 3 5 1 11 0
split_gain=17434.9 13424.4 8980.17 5039.25 10283.4 6610.86 5159.68 5805.15 4263.49 4042.69 3814.04 3694.19 2175.77 3782.27 2439.59 1990.91 4069.9 2025.27 1927.11 1643.36 1583.18 2269.95 1576.03 1265.43 1227.44 2691.45 1389.8 716.134 399.085 393.649 136.125 0.0791476
threshold=-1.1441376372460044 -1.4980204729275071 -1.0709204988291419 1.3343633189466428 -0.048245963713578068 -0.80594418836811577 0.58518144155227247 -0.0092719917846354315 -0.32651403854801841 -0.6843512815968793 -1.3742486436990011 -1.3376468478516041 1.474246693757032 1.5736128101799167 1.0787636714605411 -1.2644229360737074 -1.2295576320656776 0.79411862823832424 0.47709899912738002 -1.4492090473162651 -0.22706271795873717 -0.95586499560264382 1.7217903522140432 0.65491204956833193 0.50496514467576414 1.0645793716626819 -1.1046744712714676 0.39704065090621971 1.0168792776171667 -0.30630436934501137 1.3766454034502729 1.7845478994284971
decision_type=2 2 2 2 2 2 2 2 2 2 2 2 2 2 2 2 2 2 2 2 2 2 2 2 2 2 2 2 2 2 2 2
left_child=1 11 -2 4 24 20 7 9 23 -7 19 -1 14 -14 -5 17 -17 -12 -9 -3 29 -22 30 -8 25 28 -27 -10 -4 -6 -15 -24
right_child=2 10 3 12 5 6 8 18 27 -11 15 -13 13 22 -16 16 -18 -19 -20 -21 21 -23 31 -25 -26 26 -28 -29 -30 -31 -32 -33
leaf_value=0.1355289026025597 -0.5844227027498986 0.43272552082556792 0.034271162930909566 -0.16315093670182554 -0.22580580040960022 -0.12128386761757927 -0.13123061358580115 0.092925254815553013 0.17429822827329727 0.11035794167507289 -0.046597917573945997 -0.31097738862734786 0.19819270295545091 -0.27207088980344252 -0.57946639901340602 0.69373727781278571 0.17039514672665196 0.3150359913981553 0.29843656465604707 0.77240804623913117 -0.20175785696269657 -0.57228249293713529 -0.0759943441442541 -0.34589085991880231 0.086251460020454765 0.29295278062211699 0.60547820213997716 -0.038132422479272586 0.20121997045091364 -0.052103844548130898 -0.38639649296751116 -0.088852362491116679
leaf_weight=13.000000000000002 11.999999999999998 13.000000000000002 11.000000000000002 13.000000000000002 10.000000000000002 106 17 88 10.000000000000002 42 11.000000000000002 17 11.999999999999998 10.000000000000002 9.9999999999999982 11.000000000000002 12.999999999999998 13.999999999999998 23 10.999999999999998 15.000000000000002 11.999999999999998 11.000000000000002 32 19 14.000000000000002 9.9999999999999982 17 11.999999999999998 10.999999999999998 9.9999999999999982 9.9999999999999982
leaf_count=13 12 13 11 13 10 106 17 88 10 42 11 17 12 10 10 11 13 14 23 11 15 12 11 32 19 14 10 17 12 11 10 10
internal_value=0 0.238221 -0.0457283 -0.0333045 -0.00779327 -0.0475424 -0.0160529 0.0264741 -0.160838 -0.0555108 0.384444 -0.117651 -0.183801 -0.112906 -0.345926 0.282249 0.412185 0.156326 0.135748 0.591014 -0.266802 -0.367976 -0.204245 -0.271856 0.22258 0.27737 0.425185 0.0408615 0.121912 -0.135545 -0.330921 -0.0825567
internal_weight=640 103 537 525 449 383 335 259 76 148 73 30 76 53 23 49 24 25 111 24 48 27 41 49 66 47 24 27 23 21 20 21
internal_count=640 103 537 525 449 383 335 259 76 148 73 30 76 53 23 49 24 25 111 24 48 27 41 49 66 47 24 27 23 21 20 21
is_linear=0
shrinkage=0.02


Tree=10
num_leaves=34
num_cat=0
split_feature=0 0 0 11 8 0 0 0 1 1 0 11 0 0 1 0 0 1 0 0 1 0 0 0 1 0 5 0 5 1 0 11 0
split_gain=16750.4 12896.8 8627.49 4841.83 9879.42 6351.41 4956.02 5575.7 4095.45 3882.86 3664.28 3555.31 2090.34 3633.87 2343.98 1912.83 3910.2 1945.67 1851.22 1578.93 1520.87 2180.84 1514.22 1215.36 1179.32 2585.79 1335.42 615.261 383.397 378.204 375.812 130.755 0.0685164
threshold=-1.1441376372460044 -1.4980204729275071 -1.0709204988291419 1.3343633189466428 -0.048245963713578068 -0.80594418836811577 0.58518144155227247 -0.0092719917846354315 -0.32651403854801841 -0.6843512815968793 -1.3742486436990011 -1.3381404059003503 1.474246693757032 1.5736128101799167 1.0787636714605411 -1.2644229360737074 -1.2295576320656776 0.79411862823832424 0.47709899912738002 -1.4492090473162651 -0.22706271795873717 -0.95586499560264382 1.7217903522140432 0.65491204956833193 0.50496514467576414 1.0645793716626819 -1.1046744712714676 -1.6095894457532021 1.0168792776171667 -0.30630436934501137 0.9739295812418044 1.3766454034502729 1.7845478994284971
decision_type=2 2 2 2 2 2 2 2 2 2 2 2 2 2 2 2 2 2 2 2 2 2 2 2 2 2 2 2 2 2 2 2 2
left_child=1 11 -2 4 24 20 7 9 23 -7 19 -1 14 -14 -5 17 -17 -12 -9 -3 29 -22 31 -8 25 28 -27 -13 -4 -6 -10 -15 -24
right_child=2 10 3 12 5 6 8 18 30 -11 15 27 13 22 -16 16 -18 -19 -20 -21 21 -23 32 -25 -26 26 -28 -29 -30 -31 -32 -33 -34
leaf_value=0.1912856478738312 -0.57283084719634259 0.42413709975380925 0.03359192719330658 -0.15991282301094692 -0.22133439167891392 -0.11886046797009037 -0.12862135033858449 0.091068855678318045 -0.017205898155245859 0.10815601029475341 -0.045674358745952971 -0.15536637202347856 0.19426162254711815 -0.26668333997820853 -0.56799180285765394 0.67998750351570725 0.16701325161766462 0.30877996228265425 0.29249366140984867 0.75709902490581482 -0.19774943244378293 -0.56093143305502646 -0.074488152383684017 -0.33899459382826669 0.084535465140617327 0.28713528545190248 0.59348855009173407 -0.37956184039021479 0.19722884974203819 -0.051071149293366855 0.13670040536634995 -0.37874508555572811 -0.087092913637066852
leaf_weight=10.000000000000002 11.999999999999998 13.000000000000002 11.000000000000002 13.000000000000002 10.000000000000002 106 17 88 17.000000000000004 42 11.000000000000002 10.000000000000002 11.999999999999998 10.000000000000002 9.9999999999999982 11.000000000000002 12.999999999999998 13.999999999999998 23 10.999999999999998 15.000000000000002 11.999999999999998 11.000000000000002 32 19 14.000000000000002 9.9999999999999982 9.9999999999999982 11.999999999999998 10.999999999999998 9.9999999999999982 9.9999999999999982 9.9999999999999982
leaf_count=10 12 13 11 13 10 106 17 88 17 42 11 10 12 10 10 11 13 14 23 11 15 12 11 32 19 14 10 10 12 11 10 10 10
internal_value=0 0.233499 -0.0448204 -0.0326429 -0.00763639 -0.046597 -0.0157316 0.0259477 -0.157631 -0.0544006 0.37682 -0.115309 -0.180162 -0.110673 -0.339073 0.276651 0.404014 0.15322 0.13304 0.579294 -0.26151 -0.360675 -0.200202 -0.266439 0.218167 0.271872 0.416757 -0.268845 0.119495 -0.132861 0.0400536 -0.32437 -0.0809221
internal_weight=640 103 537 525 449 383 335 259 76 148 73 30 76 53 23 49 24 25 111 24 48 27 41 49 66 47 24 20 23 21 27 20 21
internal_count=640 103 537 525 449 383 335 259 76 148 73 30 76 53 23 49 24 25 111 24 48 27 41 49 66 47 24 20 23 21 27 20 21
is_linear=0
shrinkage=0.02


Tree=11
num_leaves=32
num_cat=0
split_feature=0 0 0 11 8 8 0 0 0 0 11 0 0 0 0 1 0 0 1 0 0 1 3 0 1 8 8 0 0 11 0
split_gain=16092.4 12390.6 8288.66 4652.14 9491.32 6124.81 6498.25 4504.74 7112.59 3520.4 3450.53 3327.91 2253.57 2008.26 3491.29 2252.12 1837.82 3756.77 1869.2 1517.02 1454.84 1398.2 3636.27 2095.23 1163.77 2683.28 1311.06 476.737 475.369 125.597 0.0584348
threshold=-1.1441376372460044 -1.4980204729275071 -1.0709204988291419 1.3343633189466428 -0.048245963713578068 0.47965012212313579 -0.66648297233599674 -0.12955729061233814 0.58518144155227247 -1.3742486436990011 -1.3376468478516041 0.83969816081088977 -0.27250503704526013 1.474246693757032 1.5736128101799167 1.0787636714605411 -1.2644229360737074 -1.2295576320656776 0.79411862823832424 -1.4492090473162651 1.7217903522140432 -0.22706271795873717 0.26756080941550014 -0.95586499560264382 0.2120542413815826 -0.12718401355980449 -0.30876577396252952 1.2371626265024294 0.9739295812418044 1.3766454034502729 1.7845478994284971
decision_type=2 2 2 2 2 2 2 2 2 2 2 2 2 2 2 2 2 2 2 2 2 2 2 2 2 2 2 2 2 2 2
left_child=1 10 -2 4 24 11 -7 12 -9 19 -1 21 -8 15 -15 -5 18 -18 -11 -3 29 22 -6 -23 25 -4 27 -26 -13 -16 -22
right_child=2 9 3 13 5 6 7 8 -10 16 -12 28 -14 14 20 -17 17 -19 -20 -21 30 23 -24 -25 26 -27 -28 -29 -30 -31 -32
leaf_value=0.13165707392091969 -0.56146891530387655 0.41571909955439668 0.53641840674660413 -0.15673898853873475 -0.27651504718751979 0.47823007463334921 -0.074100708524440451 0.10969388525560771 -0.21308754725190551 -0.044769100154842326 -0.29986954120167514 -0.043270870052426059 -0.30897679369596509 0.19040849141838137 -0.26140245909738058 -0.55674442668952562 0.66651029041221532 0.16369850682848283 0.30264815161414182 0.74209347750689536 -0.073011812991924108 -0.1938206416250064 0.08797119904827598 -0.549805543363587 0.31108058113235598 0.14993139065431624 -0.057604288960447406 0.1362418309900145 0.13399347588567451 -0.37124519999664607 -0.085368282393653808
leaf_weight=13.000000000000002 11.999999999999998 13.000000000000002 12.000000000000002 13.000000000000002 40 10.999999999999998 73 137 34 11.000000000000002 17 15.000000000000002 21 11.999999999999998 10.000000000000002 9.9999999999999982 11.000000000000002 12.999999999999998 13.999999999999998 10.999999999999998 11.000000000000002 15.000000000000002 14.999999999999998 11.999999999999998 11.000000000000002 18 9.9999999999999982 14.999999999999998 9.9999999999999982 9.9999999999999982 9.9999999999999982
leaf_count=13 12 13 12 13 40 11 73 137 34 11 17 15 21 12 10 10 11 13 14 11 11 15 15 12 11 18 10 15 10 10 10
internal_value=1.54308e-07 0.228867 -0.0439306 -0.0319946 -0.00748272 -0.0456705 0.00413954 -0.0157089 0.0454222 0.369347 -0.113025 -0.174046 -0.126856 -0.176595 -0.108483 -0.332355 0.271163 0.396005 0.150175 0.567807 -0.196238 -0.235569 -0.177112 -0.353518 0.213841 0.305828 0.136522 0.211159 0.0278464 -0.317947 -0.0793199
internal_weight=640 103 537 525 449 383 276 265 171 73 30 107 94 76 53 23 49 24 25 24 41 82 55 27 66 30 36 26 25 20 21
internal_count=640 103 537 525 449 383 276 265 171 73 30 107 94 76 53 23 49 24 25 24 41 82 55 27 66 30 36 26 25 20 21
is_linear=0
shrinkage=0.02


Tree=12
num_leaves=25
num_cat=0
split_feature=0 0 0 11 11 0 0 0 1 1 0 11 1 8 1 1 0 1 0 0 1 0 5 0
split_gain=15460.6 11903.6 7963.14 4506.55 5136.29 5040.36 3761.09 3551.65 4979.58 3411.31 3382.17 3314.77 3205.51 2699.5 4148.01 3168.39 2012.98 1981.63 1765.75 3609.35 1795.73 1475.44 1475.44 1457.54
threshold=-1.1441376372460044 -1.4980204729275071 -1.0709204988291419 1.3673283897079942 1.3741653559020695 -0.12955729061233814 -0.08423239540189946 -0.0092719917846354315 -1.0331038808408326 -0.036275145284507641 -1.3742486436990011 -1.3376468478516041 -1.0699193628345809 -0.048245963713578068 -0.22706271795873717 -1.0011050000618564 -0.95586499560264382 -1.0444977661560904 -1.2644229360737074 -1.2295576320656776 0.79411862823832424 1.5736128101799167 0.38058747947059229 -1.4492090473162651
decision_type=2 2 2 2 2 2 2 2 2 2 2 2 2 2 2 2 2 2 2 2 2 2 2 2
left_child=1 11 -2 5 -5 13 -7 -8 12 -10 23 -1 -9 -4 15 17 -16 -15 20 -20 -12 -6 -17 -3
right_child=2 10 3 4 21 6 7 8 9 -11 18 -13 -14 14 16 22 -18 -19 19 -21 -22 -23 -24 -25
leaf_value=0.12904404248900084 -0.5503323309382131 0.40746818891918374 0.18970420490611684 -0.60610565701046504 0.058819579641327592 0.37925841386653175 -0.29028221725572084 0.10152058016393602 -0.068183471134222767 0.084820834613187485 -0.04388178095087273 -0.29390721399184555 0.45400366362577638 -0.11577480109962254 -0.18996989547022125 0.18255993473637211 -0.53890030120029919 -0.50530097545963704 0.65330016786987699 0.16044951460743678 0.29663812312674015 -0.25472965962177996 -0.059281646392025683 0.72738530992387651
leaf_weight=13.000000000000002 11.999999999999998 13.000000000000002 11.999999999999998 10.999999999999998 13.000000000000002 11.999999999999998 13.999999999999998 29 134 103 11.000000000000002 17 15.999999999999998 11.000000000000002 15.000000000000002 10.999999999999998 11.999999999999998 9.9999999999999982 11.000000000000002 12.999999999999998 13.999999999999998 10.999999999999998 111 10.999999999999998
leaf_count=13 12 13 12 11 13 12 14 29 134 103 11 17 16 11 15 11 12 10 11 13 14 11 111 11
internal_value=1.39567e-06 0.224331 -0.0430583 -0.031359 -0.250277 -0.015672 0.0336332 0.0194946 0.0349746 -0.00167598 0.362022 -0.110775 0.227599 -0.0990897 -0.119581 -0.0765158 -0.346503 -0.302827 0.265785 0.388154 0.147192 -0.0853097 -0.0373364 0.556548
internal_weight=640 103 537 525 35 490 308 296 282 237 73 30 45 182 170 143 27 21 49 24 25 24 122 24
internal_count=640 103 537 525 35 490 308 296 282 237 73 30 45 182 170 143 27 21 49 24 25 24 122 24
is_linear=0
shrinkage=0.02


Tree=13
num_leaves=32
num_cat=0
split_feature=0 0 0 11 8 8 0 0 0 0 11 0 0 0 0 1 0 0 1 0 0 1 1 0 1 0 5 0 0 5 11
split_gain=14853.6 11435.7 7650.4 4422.64 8903.42 5741.29 6265.56 4217.11 6734.13 3249.37 3200.93 3129.98 2061.78 1930.73 3296.02 2087.65 1696.51 3467.72 1725.15 1400.39 1305.17 1256.85 2930.34 1933.96 1113.21 2507.63 1244.34 620.84 444.035 369.073 127.541
threshold=-1.1441376372460044 -1.4980204729275071 -1.0709204988291419 1.3343633189466428 -0.048245963713578068 0.47965012212313579 -0.66648297233599674 -0.12955729061233814 0.58518144155227247 -1.3742486436990011 -1.3381404059003503 0.83969816081088977 -0.27250503704526013 1.474246693757032 1.5736128101799167 1.0787636714605411 -1.2644229360737074 -1.2295576320656776 0.79411862823832424 -1.4492090473162651 1.7217903522140432 -0.22706271795873717 -0.32651403854801841 -0.95586499560264382 0.50496514467576414 1.0645793716626819 -1.1046744712714676 -1.6095894457532021 0.9739295812418044 1.0168792776171667 1.3766454034502729
decision_type=2 2 2 2 2 2 2 2 2 2 2 2 2 2 2 2 2 2 2 2 2 2 2 2 2 2 2 2 2 2 2
left_child=1 10 -2 4 24 11 -7 12 -9 19 -1 21 -8 15 -15 -5 18 -18 -11 -3 30 22 -6 -23 25 29 -27 -12 -13 -4 -16
right_child=2 9 3 13 5 6 7 8 -10 16 27 28 -14 14 20 -17 17 -19 -20 -21 -22 23 -24 -25 -26 26 -28 -29 -30 -31 -32
leaf_value=0.18233541583070653 -0.53941666096695207 0.39938103217205007 0.025487894109777493 -0.15531160630797608 -0.25749033342022676 0.46992656639030389 -0.072164558862041678 0.10659785368032131 -0.2074786199922086 -0.043012054030959659 -0.14053185189124379 -0.0410565414333975 -0.29682982856063478 0.18546512828385534 -0.24902439438470514 -0.54050706580133723 0.64035189817080607 0.15726501989000627 0.29074743176182954 0.71296865394523556 -0.079437885420017326 -0.18619565420592854 0.077022868961307181 -0.52821136537662217 0.077723195740065643 0.27723212607363429 0.57296337151291343 -0.36536390825073317 0.13026647038979106 0.18594147737361183 -0.35884966557568848
leaf_weight=10.000000000000002 11.999999999999998 13.000000000000002 11.000000000000002 13.000000000000002 41 10.999999999999998 73 137 34 11.000000000000002 10.000000000000002 15.000000000000002 21 11.999999999999998 10.000000000000002 9.9999999999999982 11.000000000000002 12.999999999999998 13.999999999999998 10.999999999999998 21 15.000000000000002 13.999999999999998 11.999999999999998 19 14.000000000000002 9.9999999999999982 9.9999999999999982 9.9999999999999982 11.999999999999998 9.9999999999999982
leaf_count=10 12 13 11 13 41 11 73 137 34 11 10 15 21 12 10 10 11 13 14 11 21 15 14 12 19 14 10 10 10 12 10
internal_value=2.33186e-06 0.219884 -0.0422036 -0.0307363 -0.00683676 -0.0438231 0.004402 -0.0150879 0.0440593 0.354843 -0.10857 -0.168114 -0.122628 -0.171725 -0.104944 -0.324446 0.260513 0.38046 0.144267 0.545512 -0.190211 -0.22778 -0.172338 -0.339628 0.207522 0.259697 0.402361 -0.254256 0.0276788 0.109689 -0.305499
internal_weight=640 103 537 525 449 383 276 265 171 73 30 107 94 76 53 23 49 24 25 24 41 82 55 27 66 47 24 20 25 23 20
internal_count=640 103 537 525 449 383 276 265 171 73 30 107 94 76 53 23 49 24 25 24 41 82 55 27 66 47 24 20 25 23 20
is_linear=0
shrinkage=0.02


Tree=14
num_leaves=32
num_cat=0
split_feature=5 0 0 0 11 0 1 1 8 0 1 0 11 1 0 0 0 0 1 1 1 8 1 0 3 0 0 1 11 0 0
split_gain=14284.6 12308.6 5134.84 6315.68 4900.14 7406.43 3866.19 5450.51 5581.78 4092.02 4787.19 3107.22 3096.73 3079.78 2166.8 3758.7 1854.98 3166.62 2005.84 1657.34 1378.26 4673.66 1908.44 1858.04 1691.4 1345.48 1254.08 768.323 122.51 25.831 0.0441722
threshold=1.210381714861714 -1.4980204729275071 -0.74492990635406375 -0.66648297233599674 1.3343633189466428 1.0645793716626819 -1.0356567469168307 -1.009798578657209 0.95850453614643027 -0.0092719917846354315 -1.0842563520468171 1.1046744712719161 -1.3376468478516041 -1.0699193628345809 -1.3742486436990011 -1.2644229360737074 1.474246693757032 1.5736128101799167 1.0787636714605411 0.79411862823832424 0.2120542413815826 -0.048245963713578068 -0.22706271795873717 -0.95586499560264382 0.26756080941550014 -1.4492090473162651 1.7217903522140432 0.50496514467576414 1.3766454034502729 -0.77630867996129049 1.7845478994284971
decision_type=2 2 2 2 2 2 2 2 2 2 2 2 2 2 2 2 2 2 2 2 2 2 2 2 2 2 2 2 2 2 2
left_child=2 12 20 -4 5 6 9 -8 -9 10 -5 -7 -2 -11 25 19 18 -18 -6 -16 21 -1 24 -24 29 -3 28 -13 -19 -23 -28
right_child=1 14 3 4 16 11 7 8 -10 13 -12 27 -14 -15 15 -17 17 26 -20 -21 -22 22 23 -25 -26 -27 30 -29 -30 -31 -32
leaf_value=0.19725278380914779 0.1253725407869761 0.39145439555626782 0.4606126994914837 -0.41008103379258165 -0.15222908610037261 0.56161757202431706 -0.43467265148036527 -0.076500090423270661 0.25228936167506427 0.097372528171211559 0.078120610607448723 0.27172681179452451 -0.28342850620983634 0.44286128032281524 -0.042159561982025959 0.54194486774356154 0.18178647502394749 -0.24409322209877538 -0.52980395817520598 0.28497372292457746 -0.32301234132956458 -0.18774664285167164 -0.18249640647938706 -0.5177344443581321 0.071950454129517546 0.69883774070052407 -0.071671431472709574 0.076176869257582422 -0.35174372304784185 -0.23766901601659182 -0.083784400260094372
leaf_weight=13.999999999999998 13.000000000000002 13.000000000000002 10.999999999999998 10.999999999999998 13.000000000000002 9.9999999999999982 14.999999999999998 195 23 29 29 13.999999999999998 17 15.999999999999998 11.000000000000002 14.999999999999998 11.999999999999998 10.000000000000002 9.9999999999999982 13.999999999999998 19 14.999999999999998 15.000000000000002 11.999999999999998 12.999999999999998 10.999999999999998 11.000000000000002 19 9.9999999999999982 10.000000000000002 9.9999999999999982
leaf_count=14 13 13 11 11 13 10 15 195 23 29 29 14 17 16 11 15 12 10 10 14 19 15 15 12 13 11 11 19 10 10 10
internal_value=3.60006e-06 0.227592 -0.039211 -0.0105081 -0.022472 0.00826874 -0.025067 -0.0671851 -0.0417069 0.0903175 -0.0567977 0.254308 -0.10642 0.220945 0.384098 0.292607 -0.168322 -0.102865 -0.318018 0.141401 -0.170269 -0.133159 -0.204534 -0.332889 -0.112674 0.534695 -0.186441 0.159738 -0.29945 -0.208623 -0.0778567
internal_weight=640 94 546 448 437 361 318 233 218 85 40 43 30 45 64 40 76 53 23 25 98 79 65 27 38 24 41 33 20 25 21
internal_count=640 94 546 448 437 361 318 233 218 85 40 43 30 45 64 40 76 53 23 25 98 79 65 27 38 24 41 33 20 25 21
is_linear=0
shrinkage=0.02


Tree=15
num_leaves=27
num_cat=0
split_feature=0 0 0 11 11 0 0 0 1 1 11 0 1 8 1 1 8 0 0 0 1 1 1 0 0 0
split_gain=13802.6 10602.9 7229.76 4092.58 4716.23 4548.17 3550.71 3310.7 4498.79 3125.94 2977.05 2965.89 2958.64 2397.58 3737.41 4841.34 2657.79 2600.4 1608.83 3165.73 1592.2 1534.91 1346.27 1292.72 1249.5 610.625
threshold=-1.1441376372460044 -1.4980204729275071 -1.0709204988291419 1.3673283897079942 1.3741653559020695 -0.12955729061233814 -0.08423239540189946 -0.0092719917846354315 -1.0331038808408326 -0.036275145284507641 -1.3381404059003503 -1.3742486436990011 -1.0699193628345809 -0.048245963713578068 -0.3569610693173873 -0.6843512815968793 0.78738636393915507 -0.74492990635406375 -1.2644229360737074 -1.2295576320656776 0.79411862823832424 -0.12282789169764836 -0.2472901346466588 -1.4492090473162651 1.5736128101799167 -1.6095894457532021
decision_type=2 2 2 2 2 2 2 2 2 2 2 2 2 2 2 2 2 2 2 2 2 2 2 2 2 2
left_child=1 10 -2 5 -5 13 -7 -8 12 -10 -1 23 -9 -4 15 16 -15 -17 20 -20 -13 22 -16 -3 -6 -12
right_child=2 11 3 4 24 6 7 8 9 -11 25 18 -14 14 21 17 -18 -19 19 -21 -22 -23 -24 -25 -26 -27
leaf_value=0.17624219044600378 -0.52403050466017287 0.38368505113907431 0.17834092321474693 -0.57911932180593684 0.052557955006606698 0.36807208605049069 -0.28056858306235455 0.095431759644210121 -0.065040329597184768 0.081424550802585108 -0.13213660683962375 -0.041323964574315517 0.43405904497419079 -0.42631764246412546 -0.25062128932763494 -0.055969498233018417 -0.10424708793516901 0.24165209447245198 0.61691898947363488 0.15527248994084716 0.27931467938930427 -0.13864111895336528 -0.55735400209332453 0.68498690871505052 -0.23598899682362873 -0.35494505679843452
leaf_weight=10.000000000000002 11.999999999999998 13.000000000000002 11.999999999999998 10.999999999999998 13.000000000000002 11.999999999999998 13.999999999999998 29 134 103 10.000000000000002 11.000000000000002 15.999999999999998 11.999999999999998 14.000000000000002 22 68 25 11.000000000000002 12.999999999999998 13.999999999999998 19 9.9999999999999982 10.999999999999998 10.999999999999998 9.9999999999999982
leaf_count=10 12 13 12 11 13 12 14 29 134 103 10 11 16 12 14 22 68 25 11 13 14 19 10 11 11 10
internal_value=5.38674e-06 0.211966 -0.04068 -0.0295324 -0.238154 -0.0145833 0.0322526 0.0185152 0.0334611 -0.0013751 -0.104302 0.341917 0.21655 -0.0938236 -0.113135 -0.0584589 -0.153042 0.102496 0.251782 0.368584 0.138591 -0.274085 -0.38025 0.524092 -0.0800817 -0.244802
internal_weight=640 103 537 525 35 490 308 296 282 237 30 73 45 182 170 127 80 47 49 24 25 43 24 24 24 20
internal_count=640 103 537 525 35 490 308 296 282 237 30 73 45 182 170 127 80 47 49 24 25 43 24 24 24 20
is_linear=0
shrinkage=0.02


Tree=16
num_leaves=30
num_cat=0
split_feature=0 0 0 11 8 8 3 0 0 11 0 0 0 0 1 0 0 1 0 0 1 3 0 1 8 8 0 0 11
split_gain=13260.5 10186.7 6945.8 4039.56 8046.73 5150.6 5756.47 5544.4 5145.12 2893.57 2886.35 2849.43 1783.1 2991.28 1858.39 1545.73 3041.51 1529.62 1242.03 1123.57 1102.3 3364.52 1725.42 1094.84 2484.23 1349.48 432.106 414.841 124.443
threshold=-1.1441376372460044 -1.4980204729275071 -1.0709204988291419 1.3343633189466428 -0.048245963713578068 0.47965012212313579 0.087352242717738185 0.65491204956833193 -0.12955729061233814 -1.3376468478516041 0.83969816081088977 -1.3742486436990011 1.474246693757032 1.5736128101799167 1.0787636714605411 -1.2644229360737074 -1.2295576320656776 0.79411862823832424 -1.4492090473162651 1.7217903522140432 -0.22706271795873717 0.26756080941550014 -0.95586499560264382 0.2120542413815826 -0.12718401355980449 -0.30876577396252952 1.2371626265024294 0.9739295812418044 1.3766454034502729
decision_type=2 2 2 2 2 2 2 2 2 2 2 2 2 2 2 2 2 2 2 2 2 2 2 2 2 2 2 2 2
left_child=1 9 -2 4 23 10 7 8 -7 -1 20 18 14 -14 -5 17 -17 -13 -3 28 21 -6 -22 24 -4 26 -25 -12 -15
right_child=2 11 3 12 5 6 -8 -9 -10 -11 27 15 13 19 -16 16 -18 -19 -20 -21 22 -23 -24 25 -26 -27 -28 -29 -30
leaf_value=0.12181920633971234 -0.51363652670679016 0.37606994133869187 0.50872425709874169 -0.15082379849812452 -0.25997429177053555 -0.10509754569618615 0.4730704830660678 -0.43165101406002832 0.07906283273006863 -0.27334165562314594 -0.037428791131207478 -0.04050493188806481 0.17713832019774384 -0.23239548881455219 -0.51432796742656439 0.60469175343040937 0.15219074744304631 0.27376798680488096 0.67141061164237359 -0.077935980575344579 -0.17611618951456431 0.090601513180511684 -0.49917873224936243 0.29358706744941493 0.13692695180355516 -0.074105020200852134 0.12717453527134776 0.12816948786820517 -0.34010543861011466
leaf_weight=13.000000000000002 11.999999999999998 13.000000000000002 12.000000000000002 13.000000000000002 40 100 9.9999999999999982 11.999999999999998 154 17 15.000000000000002 11.000000000000002 11.999999999999998 10.000000000000002 9.9999999999999982 11.000000000000002 12.999999999999998 13.999999999999998 10.999999999999998 21 15.000000000000002 14.999999999999998 11.999999999999998 11.000000000000002 18 9.9999999999999982 14.999999999999998 9.9999999999999982 9.9999999999999982
leaf_count=13 12 13 12 13 40 100 10 12 154 17 15 11 12 10 10 11 13 14 11 21 15 15 12 11 18 10 15 10 10
internal_value=5.22174e-06 0.207761 -0.0398731 -0.0289465 -0.0061055 -0.0412676 0.0044091 -0.0133771 0.00654198 -0.102236 -0.158991 0.335136 -0.16369 -0.0995167 -0.310455 0.246788 0.361277 0.135838 0.5137 -0.180747 -0.216289 -0.164354 -0.321049 0.19768 0.286875 0.122734 0.198473 0.0290174 -0.287724
internal_weight=640 103 537 525 449 383 276 266 254 30 107 73 76 53 23 49 24 25 24 41 82 55 27 66 30 36 26 25 20
internal_count=640 103 537 525 449 383 276 266 254 30 107 73 76 53 23 49 24 25 24 41 82 55 27 66 30 36 26 25 20
is_linear=0
shrinkage=0.02


Tree=17
num_leaves=32
num_cat=0
split_feature=0 0 0 11 8 0 0 0 3 3 11 0 0 0 0 3 0 0 3 0 3 0 0 0 3 8 8 3 0 11 0
split_gain=12739.8 9786.31 6673.03 3881.2 7730.36 4954.02 4233.75 4465.58 3703.84 3551.75 2779.72 2737.54 1954 1713.14 2873.85 1785.56 1485.12 2922.16 1469.5 1193.32 1101.85 1657.69 1091.84 1079.59 1051.79 2386.73 1296.51 749.466 415.16 119.535 0.0323183
threshold=-1.1441376372460044 -1.4980204729275071 -1.0709204988291419 1.3343633189466428 -0.048245963713578068 -0.80594418836811577 0.58518144155227247 -0.0092719917846354315 -2.2275978825237366 0.26756080941550014 -1.3376468478516041 -1.3742486436990011 0.47709899912738002 1.474246693757032 1.5736128101799167 0.90354366061699232 -1.2644229360737074 -1.2295576320656776 0.82852693125508947 -1.4492090473162651 0.35400472000889732 -0.95586499560264382 0.65491204956833193 1.7217903522140432 0.61333094904244134 -0.12718401355980449 -0.30876577396252952 0.39704065090621971 1.2371626265024294 1.3766454034502729 1.7845478994284971
decision_type=2 2 2 2 2 2 2 2 2 2 2 2 2 2 2 2 2 2 2 2 2 2 2 2 2 2 2 2 2 2 2
left_child=1 10 -2 4 24 20 7 8 -7 22 -1 19 -9 15 -15 -5 18 -18 -13 -3 -6 -22 -8 29 25 -4 28 -11 -26 -16 -25
right_child=2 11 3 13 5 6 9 12 -10 27 -12 16 -14 14 23 -17 17 -19 -20 -21 21 -23 -24 30 26 -27 -28 -29 -30 -31 -32
leaf_value=0.11940141563197126 -0.50344868565393874 0.36860596780558569 0.49863384688196088 -0.14783034080767446 -0.12067757394076523 -0.39795948526880764 -0.11510390476873744 0.078080749189677764 -0.018080534395903763 0.17625698986620003 -0.26790679229281794 -0.039702113383525112 0.28496394091354299 0.17362483268926951 -0.2277935909988856 -0.50414325638572766 0.59270687782012643 0.14917015949278389 0.2683314765767848 0.65810336155934379 -0.17261718244742077 -0.48927766815689971 -0.31442589236939805 -0.070320054453772457 0.28776823069598212 0.13420353121520406 -0.072637589284689122 -0.041057285839441224 0.12464789011620528 -0.33337067934546144 -0.082194403280125991
leaf_weight=13.000000000000002 11.999999999999998 13.000000000000002 12.000000000000002 13.000000000000002 21 10.999999999999998 17 88 137 10.000000000000002 17 11.000000000000002 23 11.999999999999998 10.000000000000002 9.9999999999999982 11.000000000000002 12.999999999999998 13.999999999999998 10.999999999999998 15.000000000000002 11.999999999999998 32 11.000000000000002 11.000000000000002 18 9.9999999999999982 17 14.999999999999998 9.9999999999999982 9.9999999999999982
leaf_count=13 12 13 12 13 21 11 17 88 137 10 17 11 23 12 10 10 11 13 14 11 15 12 32 11 11 18 10 17 15 10 10
internal_value=6.61044e-06 0.203643 -0.0390809 -0.028371 -0.00598217 -0.0404461 -0.0131866 0.0253354 -0.0465712 -0.144339 -0.100201 0.32849 0.121175 -0.160447 -0.0975445 -0.304304 0.241893 0.354115 0.133139 0.503514 -0.230251 -0.314678 -0.245669 -0.177165 0.193757 0.281181 0.120298 0.039746 0.194537 -0.282028 -0.0763846
internal_weight=640 103 537 525 449 383 335 259 148 76 30 73 111 76 53 23 49 24 25 24 48 27 49 41 66 30 36 27 26 20 21
internal_count=640 103 537 525 449 383 335 259 148 76 30 73 111 76 53 23 49 24 25 24 48 27 49 41 66 30 36 27 26 20 21
is_linear=0
shrinkage=0.02


end of trees

feature_importances:
Column_0=261
Column_1=129
Column_11=56
Column_8=30
Column_3=21
Column_5=13
Column_2=8
Column_4=1

parameters:
[boosting: gbdt]
[objective: regression]
[metric: l2]
[tree_learner: serial]
[device_type: cpu]
[data_sample_strategy: goss]
[data: ]
[valid: ]
[num_iterations: 3000]
[learning_rate: 0.02]
[num_leaves: 63]
[num_threads: -1]
[seed: 42]
[deterministic: 0]
[force_col_wise: 0]
[force_row_wise: 0]
[histogram_pool_size: -1]
[max_depth: 8]
[min_data_in_leaf: 10]
[min_sum_hessian_in_leaf: 0.001]
[bagging_fraction: 1]
[pos_bagging_fraction: 1]
[neg_bagging_fraction: 1]
[bagging_freq: 0]
[bagging_seed: 400]
[bagging_by_query: 0]
[feature_fraction: 0.9]
[feature_fraction_bynode: 1]
[feature_fraction_seed: 30056]
[extra_trees: 0]
[extra_seed: 12879]
[early_stopping_round: 100]
[early_stopping_min_delta: 0]
[first_metric_only: 0]
[max_delta_step: 0]
[lambda_l1: 0.05]
[lambda_l2: 0.1]
[linear_lambda: 0]
[min_gain_to_split: 0]
[drop_rate: 0.1]
[max_drop: 50]
[skip_drop: 0.5]
[xgboost_dart_mode: 0]
[uniform_drop: 0]
[drop_seed: 17869]
[top_rate: 0.3]
[other_rate: 0.1]
[min_data_per_group: 100]
[max_cat_threshold: 32]
[cat_l2: 10]
[cat_smooth: 10]
[max_cat_to_onehot: 4]
[top_k: 20]
[monotone_constraints: ]
[monotone_constraints_method: basic]
[monotone_penalty: 0]
[feature_contri: ]
[forcedsplits_filename: ]
[refit_decay_rate: 0.9]
[cegb_tradeoff: 1]
[cegb_penalty_split: 0]
[cegb_penalty_feature_lazy: ]
[cegb_penalty_feature_coupled: ]
[path_smooth: 0]
[interaction_constraints: ]
[verbosity: -1]
[saved_feature_importance_type: 0]
[use_quantized_grad: 0]
[num_grad_quant_bins: 4]
[quant_train_renew_leaf: 0]
[stochastic_rounding: 1]
[linear_tree: 0]
[max_bin: 255]
[max_bin_by_feature: ]
[min_data_in_bin: 3]
[bin_construct_sample_cnt: 200000]
[data_random_seed: 175]
[is_enable_sparse: 1]
[enable_bundle: 1]
[use_missing: 1]
[zero_as_missing: 0]
[feature_pre_filter: 1]
[pre_partition: 0]
[two_round: 0]
[header: 0]
[label_column: ]
[weight_column: ]
[group_column: ]
[ignore_column: ]
[categorical_feature: ]
[forcedbins_filename: ]
[precise_float_parser: 0]
[parser_config_file: ]
[objective_seed: 16083]
[num_class: 1]
[is_unbalance: 0]
[scale_pos_weight: 1]
[sigmoid: 1]
[boost_from_average: 1]
[reg_sqrt: 0]
[alpha: 0.9]
[fair_c: 1]
[poisson_max_delta_step: 0.7]
[tweedie_variance_power: 1.5]
[lambdarank_truncation_level: 30]
[lambdarank_norm: 1]
[label_gain: ]
[lambdarank_position_bias_regularization: 0]
[eval_at: ]
[multi_error_top_k: 1]
[auc_mu_weights: ]
[num_machines: 1]
[local_listen_port: 12400]
[time_out: 120]
[machine_list_filename: ]
[machines: ]
[gpu_platform_id: -1]
[gpu_device_id: -1]
[gpu_use_dp: 0]
[num_gpu: 1]

end of parameters

pandas_categorical:null
