tree
version=v4
num_class=1
num_tree_per_iteration=1
label_index=0
max_feature_idx=19
objective=regression
feature_names=Column_0 Column_1 Column_2 Column_3 Column_4 Column_5 Column_6 Column_7 Column_8 Column_9 Column_10 Column_11 Column_12 Column_13 Column_14 Column_15 Column_16 Column_17 Column_18 Column_19
feature_infos=[-1.7214841074641085:1.6945235157040242] [-1.1337708944162768:2.2261726220432387] [-2.606805332232395:2.5358675932687529] [-3.1974864908404599:1.0680774929334496] [-1.8536697855160327:1.8308226316589831] [-1.4574313495799254:1.8290088046176771] [-1.6945235157041945:1.7214841074639404] [-1.712104642604684:1.7043152967422295] [-1.7214841074639982:1.6945235157041383] [-1.6847670978072038:1.7308919607868758] [-1.6945235157041945:1.7214841074639404] [-1.712104642604684:1.7043152967422295] [-1.7181604383579618:1.6913489315762396] [-2.2242773093584378:1.134497432315472] [-1.6358168548529348:1.6124746700128629] [-2.1779758614486826:1.1522511442065193] [-1.3583918057425766:1.3392472931202857] [-2.0223966571240002:1.2117999071482255] [-1.5263846700719961:1.4207023816658013] [-1.2390316032732389:1.5125751257969218]
tree_sizes=2173 2210 2131 2215 2124 2127 2205 2210 2187 2198 2209 2206 2201 2111 2199 2113 2203 2281 2111 2358 2193 2276 2286 2188 2439 2110 2197 2278 2357 2278 2191 2360 2032 2189 2351 2109 2193 2260 2114 2269

Tree=0
num_leaves=25
num_cat=0
split_feature=0 1 0 18 17 0 0 19 18 0 1 0 0 1 1 0 19 0 0 1 1 1 0 16
split_gain=1.68895e+07 9.82118e+06 6.86873e+06 6.11327e+06 3.69101e+06 5.32688e+06 7.74588e+06 2.29329e+06 2.00892e+06 2.24507e+06 1.60457e+06 2.0079e+06 1.42641e+06 1.21132e+06 2.36872e+06 836640 3.41263e+06 1.08062e+06 505544 489539 437677 295463 281814 45506.1
threshold=1.1617359676572392 -0.4718846772248021 -0.43320039000049987 -0.62533044382633196 1.2045217502695373 0.51245467920151089 -0.14025289573683355 -1.2247527411864396 -0.40020914686344561 1.055521086696144 -0.0455760201216193 -1.1492942648672393 -0.25674663614577686 -1.0858536377962897 -1.0059180896187681 0.83623875180872109 -1.2072603365609564 0.93046163008066063 -0.62678557626830267 -0.59870193302490604 0.65403750514688064 0.9481739323077002 -0.89746220839496516 -1.3562426920394743
decision_type=2 2 2 2 2 2 2 2 2 2 2 2 2 2 2 2 2 2 2 2 2 2 2 2
left_child=1 2 18 10 5 6 12 -2 -5 15 22 20 -4 -8 -15 16 23 -17 -1 -7 -12 -9 -3 -10
right_child=7 3 4 8 -6 19 13 21 9 -11 11 -13 -14 14 -16 17 -18 -19 -20 -21 -22 -23 -24 -25
leaf_value=8396.890746654095 8386.8578783005596 8395.6330138779631 8387.9546541773925 8399.0597433021976 8388.4002766394005 8390.253189138597 8396.4245419927229 8390.9119809291678 8396.597267203002 8398.9192866856047 8394.8103231479163 8390.3257382989268 8391.4323953476996 8391.4952712469712 8395.742905655381 8397.9744199318266 8391.3512408843344 8394.8795627315467 8394.8316543647579 8388.2735222625743 8392.7256656238824 8389.5610806363329 8394.0151287990775 8395.8058054496159
leaf_weight=20 30 20 20 23 31 37 34 32 20 20 20 29 29 22 32 21 22 25 31 20 20 36 24 22
leaf_count=20 30 20 20 23 31 37 34 32 20 20 20 29 29 22 32 21 22 25 31 20 20 36 24 22
internal_value=8392.97 8393.67 8392.34 8395.04 8391.59 8392.11 8393.18 8389.16 8396.34 8395.85 8393.27 8392.32 8390 8394.95 8394.01 8395.28 8394.53 8396.31 8395.65 8389.54 8393.77 8390.19 8394.76 8396.2
internal_weight=640 542 276 266 225 194 137 98 153 130 113 69 49 88 54 110 64 46 51 57 40 68 44 42
internal_count=640 542 276 266 225 194 137 98 153 130 113 69 49 88 54 110 64 46 51 57 40 68 44 42
is_linear=0
shrinkage=1


Tree=1
num_leaves=25
num_cat=0
split_feature=0 1 2 18 17 0 0 16 18 0 1 0 1 1 0 0 18 0 1 1 0 1 0 16
split_gain=1.65556e+07 9.6276e+06 6.97614e+06 5.99265e+06 3.62408e+06 5.20147e+06 7.52522e+06 2.13572e+06 1.96926e+06 2.20085e+06 1.5729e+06 1.96825e+06 1.18737e+06 2.32192e+06 1.17109e+06 820129 2.81852e+06 1.05933e+06 479957 429053 396357 328106 276267 116478
threshold=1.1617359676572392 -0.4718846772248021 -0.019606713425827926 -0.62533044382633196 1.2045217502695373 0.51245467920151089 -0.14025289573683355 1.3362464619288643 -0.40020914686344561 1.055521086696144 -0.0455760201216193 -1.1492942648672393 -1.0858536377962897 -1.0059180896187681 -0.25674663614577686 0.83623875180872109 0.26211286454694116 0.93046163008066063 -0.59870193302490604 0.65403750514688064 -0.62678557626830267 0.9481739323077002 -0.89746220839496516 -1.3562426920394743
decision_type=2 2 2 2 2 2 2 2 2 2 2 2 2 2 2 2 2 2 2 2 2 2 2 2
left_child=1 2 20 10 5 6 14 21 -5 15 22 19 -8 -14 -4 16 23 -17 -7 -12 -1 -2 -3 -10
right_child=7 3 4 8 -6 18 12 -9 9 -11 11 -13 13 -15 -16 17 -18 -19 -20 -21 -22 -23 -24 -25
leaf_value=3.8772058347192142 -2.0422882193808225 2.6319258450989675 -4.595561196310026 6.0246493509720107 -4.5290404975108611 -2.6945101805656186 3.4154770461857664 -6.0534496271120366 3.5866319705472129 5.8856611716393195 1.817380611684063 -2.6227216197693184 -1.4648359455074276 2.7406273144076327 -1.5270553662025765 4.9501264414247474 -1.4517055526769387 1.8858970847962393 -4.6546994418909051 -0.24663671663492032 2.019806664088001 -3.4537870442739091 1.0300422789242643 2.4705690097808839
leaf_weight=20 32 20 22 23 31 37 34 29 20 20 20 29 22 32 29 21 21 25 20 20 29 37 24 23
leaf_count=20 32 20 22 23 31 37 34 29 20 20 20 29 22 32 29 21 21 25 20 20 29 37 24 23
internal_value=1.95757e-05 0.684284 -0.62398 2.04118 -1.36287 -0.857982 0.186241 -3.77806 3.32979 2.84448 0.293617 -0.648186 1.95621 1.02819 -2.86352 2.28185 1.54192 3.30018 -3.39618 0.789254 2.79063 -2.80699 1.76681 3.00389
internal_weight=640 542 276 266 227 196 139 98 153 130 113 69 88 54 51 110 64 46 57 40 49 69 44 43
internal_count=640 542 276 266 227 196 139 98 153 130 113 69 88 54 51 110 64 46 57 40 49 69 44 43
is_linear=0
shrinkage=0.01


Tree=2
num_leaves=24
num_cat=0
split_feature=0 3 0 0 3 17 0 0 3 3 19 0 0 3 3 0 3 0 0 13 0 3 3
split_gain=1.62284e+07 9.43779e+06 6.6064e+06 3.6543e+06 4.83676e+06 3.54558e+06 5.11673e+06 7.44761e+06 2.648e+06 2.21647e+06 2.20533e+06 2.01716e+06 1.37383e+06 1.16389e+06 2.27605e+06 1.07784e+06 1.06969e+06 888110 1.03847e+06 847106 484660 470562 283542
threshold=1.1617359676572392 0.15010020488428605 -0.43320039000049987 0.83623875180872109 0.86052286019080271 1.2045217502695373 0.51245467920151089 -0.14025289573683355 0.91396867647762325 0.2416098196067106 -1.2247527411864396 -0.92144621377327696 -0.25674663614577686 -1.3616669431197852 -0.85828300853528128 -1.0105296623212923 0.67537090252851317 1.055521086696144 0.93046163008066063 -1.7736049196859172 -0.62678557626830267 0.013021885570619913 0.84616109593159383
decision_type=2 2 2 2 2 2 2 2 2 2 2 2 2 2 2 2 2 2 2 2 2 2 2
left_child=1 2 20 4 9 6 7 12 -6 -3 -2 15 -4 -9 -15 16 -11 18 -5 -10 -1 -8 -12
right_child=10 3 5 17 8 -7 21 13 19 11 22 -13 -14 14 -16 -17 -18 -19 -20 -21 -22 -23 -24
leaf_value=3.8388176070109452 -5.9968540137650965 3.2180946120649283 -4.9249100518374158 4.9010919126812018 6.3904583527906889 -4.4840403772011781 -2.6677100031350243 3.3815222261663065 0.79229528190675858 -2.2376853895187376 -2.0219922481560557 -3.2403824776234011 -1.5118896257060848 -1.4503194862228257 2.7133914374120485 1.8760078390946624 0.52312465348168813 5.8273874747399059 1.867187762790256 3.3784785096785601 1.8226078548186866 -4.6086134043778531 -3.3453928729842382
leaf_weight=20 30 20 20 21 21 31 37 34 24 22 32 20 29 22 32 28 38 20 25 27 31 20 36
leaf_count=20 30 20 20 21 21 31 37 34 24 22 32 20 29 22 32 28 38 20 25 27 31 20 36
internal_value=4.12434e-05 0.67751 -0.617794 2.02097 1.3452 -1.35456 -0.850376 0.198176 3.41479 0.177535 -3.74051 -0.39043 -2.91934 1.93676 1.01795 0.263154 -0.493227 4.05848 3.26747 2.16932 2.6252 -3.36248 -2.73039
internal_weight=640 542 276 266 200 225 194 137 72 128 98 108 49 88 54 88 60 66 46 51 51 57 68
internal_count=640 542 276 266 200 225 194 137 72 128 98 108 49 88 54 88 60 66 46 51 51 57 68
is_linear=0
shrinkage=0.01


Tree=3
num_leaves=25
num_cat=0
split_feature=2 1 2 18 17 1 2 19 18 2 1 1 1 1 1 2 19 1 1 1 1 1 1 19
split_gain=1.59075e+07 9.25162e+06 6.70778e+06 5.73866e+06 3.48153e+06 4.99677e+06 7.23393e+06 2.16176e+06 1.89668e+06 2.11895e+06 1.53742e+06 1.91889e+06 1.14087e+06 2.23108e+06 1.12718e+06 793260 3.2736e+06 1.01802e+06 461351 422866 380168 277924 265137 42436.7
threshold=0.83438068243178132 -0.4718846772248021 -0.019606713425827926 -0.62533044382633196 1.2045217502695373 -0.83456012327287488 0.023979175506605447 -1.2247527411864396 -0.40020914686344561 0.63216115842196563 -0.0455760201216193 0.38739251848999451 -1.0858536377962897 -1.0059180896187681 -1.0590330560214853 0.32721687321731585 -1.2072603365609564 -0.15628118666508364 -0.59870193302490604 0.65403750514688064 -0.6831521454119821 0.9481739323077002 -0.21662898261974095 -1.2298093855812329
decision_type=2 2 2 2 2 2 2 2 2 2 2 2 2 2 2 2 2 2 2 2 2 2 2 2
left_child=1 2 20 10 5 6 14 -2 -5 15 22 -12 -8 -14 -4 16 23 -17 -7 -13 -1 -9 -3 -10
right_child=7 3 4 8 -6 18 12 21 9 -11 11 19 13 -15 -16 17 -18 -19 -20 -21 -22 -23 -24 -25
leaf_value=1.9816457599483124 -5.9372825664873954 1.0252750918490829 -1.4968741023050596 5.9066263562235335 -4.4394875692709901 -2.6411764245904896 3.3479046047500698 -2.0018977355957031 3.5240720118154396 5.7696905713978381 -2.58994731826325 1.7996740749094746 -1.4359469088992558 2.6864261432908338 -4.5072929975793175 4.8525433404940479 -1.6093134246001373 1.848664077274383 -4.5629835177884246 -0.24937423403900449 3.8008094742274525 -3.3121236646768137 2.5948915256840168 2.7578321690602343
leaf_weight=29 30 24 29 23 31 37 34 32 20 20 29 20 22 32 22 21 22 25 20 20 20 36 20 22
leaf_count=29 30 24 29 23 31 37 34 32 20 20 29 20 22 32 22 21 22 25 20 20 20 36 20 22
internal_value=5.34585e-05 0.670791 -0.611673 2.00093 -1.33621 -0.841353 0.182116 -3.70334 3.26194 2.78567 0.290796 -0.640324 1.9175 1.00782 -2.80804 2.23363 1.50597 3.23509 -3.32911 0.778982 2.73661 -2.70324 1.74727 3.1377
internal_weight=640 542 276 266 227 196 139 98 153 130 113 69 88 54 51 110 64 46 57 40 49 68 44 42
internal_count=640 542 276 266 227 196 139 98 153 130 113 69 88 54 51 110 64 46 57 40 49 68 44 42
is_linear=0
shrinkage=0.01


Tree=4
num_leaves=24
num_cat=0
split_feature=0 3 2 0 3 17 0 0 3 3 19 0 3 3 0 0 3 0 0 13 3 0 3
split_gain=1.55931e+07 9.06924e+06 6.57543e+06 3.51167e+06 4.64857e+06 3.41262e+06 4.89799e+06 7.091e+06 2.55172e+06 2.17962e+06 2.11906e+06 1.98563e+06 1.11831e+06 2.187e+06 1.10498e+06 1.05101e+06 1.0279e+06 853498 997967 820428 452321 372703 272417
threshold=1.1617359676572392 0.15010020488428605 -0.019606713425827926 0.83623875180872109 0.86052286019080271 1.2045217502695373 0.51245467920151089 -0.14025289573683355 0.91396867647762325 0.2416098196067106 -1.2247527411864396 -0.92144621377327696 -1.3616669431197852 -0.85828300853528128 -0.25674663614577686 -1.0105296623212923 0.67537090252851317 1.055521086696144 0.93046163008066063 -1.7736049196859172 0.013021885570619913 -0.62678557626830267 0.84616109593159383
decision_type=2 2 2 2 2 2 2 2 2 2 2 2 2 2 2 2 2 2 2 2 2 2 2
left_child=1 2 21 4 9 6 7 14 -6 -3 -2 15 -9 -14 -4 16 -11 18 -5 -10 -8 -1 -12
right_child=10 3 5 17 8 -7 20 12 19 11 22 -13 13 -15 -16 -17 -18 -19 -20 -21 -22 -23 -24
leaf_value=3.7631776745484609 -5.8783028247024847 3.1891235603672441 -4.4626260000950584 4.8044757327493635 6.2686474738930755 -4.3953773175753081 -2.6149065475053681 3.3146213292796705 0.76994109208918804 -2.197753257159949 -1.982003307460998 -3.2168691972222661 -1.4217168491810293 2.659728702521472 -1.4820080921747913 1.8518404177401928 0.50859586765628839 5.7125648906443383 1.8303241148449123 3.3149466698309955 -4.517805427324654 1.9619650829001649 -3.2791855520701536
leaf_weight=20 30 20 22 21 21 31 37 34 24 22 32 20 22 32 29 28 38 20 25 27 20 29 36
leaf_count=20 30 20 22 21 21 31 37 34 24 22 32 20 22 32 29 28 38 20 25 27 20 29 36
internal_value=7.51224e-05 0.664151 -0.605609 1.98112 1.31867 -1.32296 -0.833027 0.180275 3.3476 0.173944 -3.66654 -0.389276 1.89843 0.997789 -2.78019 0.259185 -0.48772 3.97847 3.20303 2.125 -3.29607 2.70948 -2.67636
internal_weight=640 542 276 266 200 227 196 139 72 128 98 108 88 54 51 88 60 66 46 51 57 49 68
internal_count=640 542 276 266 200 227 196 139 72 128 98 108 88 54 51 88 60 66 46 51 57 49 68
is_linear=0
shrinkage=0.01


Tree=5
num_leaves=24
num_cat=0
split_feature=0 1 0 0 1 17 0 0 1 1 19 0 0 1 1 0 1 0 0 13 0 1 1
split_gain=1.52849e+07 8.89031e+06 6.23452e+06 3.44249e+06 4.55689e+06 3.33774e+06 4.81619e+06 7.02388e+06 2.50147e+06 2.13669e+06 2.0772e+06 1.94648e+06 1.30004e+06 1.0962e+06 2.14379e+06 1.03027e+06 1.00761e+06 836701 978312 804216 454342 443467 267019
threshold=1.1617359676572392 -0.4718846772248021 -0.43320039000049987 0.83623875180872109 1.005768874087428 1.2045217502695373 0.51245467920151089 -0.14025289573683355 1.2421355843194215 -0.37072131045028817 -1.2247527411864396 -0.92144621377327696 -0.25674663614577686 -1.0858536377962897 -1.0059180896187681 -1.0105296623212923 0.40032488128346272 1.055521086696144 0.93046163008066063 -1.7736049196859172 -0.62678557626830267 -0.59870193302490604 0.9481739323077002
decision_type=2 2 2 2 2 2 2 2 2 2 2 2 2 2 2 2 2 2 2 2 2 2 2
left_child=1 2 20 4 9 6 7 12 -6 -3 -2 15 -4 -9 -15 16 -11 18 -5 -10 -1 -8 -12
right_child=10 3 5 17 8 -7 21 13 19 11 22 -13 -14 14 -16 -17 -18 -19 -20 -21 -22 -23 -24
leaf_value=3.7259184914768331 -5.8199090687328621 3.1575481015384788 -4.7873374591487474 4.7568842579283803 6.2065522060754166 -4.3517052083137706 -2.5888980907522221 3.2816690462792821 0.76230531897426645 -2.1759737142141873 -1.9623060257242331 -3.1850189753806233 -1.467289316621545 -1.4076277038642955 2.6332964993115535 1.8334532921703151 0.5035366553661087 5.6560048048567069 1.8121661558605373 3.2820409011840823 1.7735931379367142 -4.4730748688348454 -3.2465747391716548
leaf_weight=20 30 20 20 21 21 31 37 34 24 22 32 20 29 22 32 28 38 20 25 27 31 20 36
leaf_count=20 30 20 20 21 21 31 37 34 24 22 32 20 29 22 32 28 38 20 25 27 31 20 36
internal_value=8.84793e-05 0.657568 -0.599605 1.96148 1.30559 -1.31533 -0.82615 0.191143 3.31441 0.172207 -3.6301 -0.385439 -2.83638 1.87955 0.987856 0.256597 -0.482899 3.93906 3.17129 2.10391 2.55079 -3.26336 -2.64975
internal_weight=640 542 276 266 200 225 194 137 72 128 98 108 49 88 54 88 60 66 46 51 51 57 68
internal_count=640 542 276 266 200 225 194 137 72 128 98 108 49 88 54 88 60 66 46 51 51 57 68
is_linear=0
shrinkage=0.01


Tree=6
num_leaves=25
num_cat=0
split_feature=0 3 0 18 17 0 18 19 18 0 13 0 0 19 0 3 3 9 0 3 3 3 0 19
split_gain=1.49827e+07 8.71495e+06 6.11151e+06 5.36751e+06 3.27167e+06 4.72096e+06 6.92532e+06 2.03616e+06 1.79495e+06 2.00375e+06 1.49855e+06 1.86098e+06 757204 3.1847e+06 959044 498517 2.02826e+06 1.08857e+06 445419 434786 418931 261729 249001 40185.6
threshold=1.1617359676572392 0.15010020488428605 -0.43320039000049987 -0.62533044382633196 1.2045217502695373 0.51245467920151089 -0.58042299208614379 -1.2247527411864396 -0.40020914686344561 1.055521086696144 0.044862603954883618 -1.1492942648672393 0.83623875180872109 -1.2072603365609564 0.93046163008066063 -0.85828300853528128 -1.3616669431197852 0.078731084972944496 -0.62678557626830267 0.013021885570619913 0.76313356988607961 0.84616109593159383 -0.89746220839496516 -1.2298093855812329
decision_type=2 2 2 2 2 2 2 2 2 2 2 2 2 2 2 2 2 2 2 2 2 2 2 2
left_child=1 2 18 10 5 6 -4 -2 -5 12 11 20 13 23 -14 16 17 -8 -1 -7 -3 -9 -12 -10
right_child=7 3 4 8 -6 19 15 21 9 -11 22 -13 14 -15 -16 -17 -18 -19 -20 -21 -22 -23 -24 -25
leaf_value=3.6890281480845841 -5.7620955051649494 1.7824995071108982 -3.4289305690445819 5.7342746218319602 -4.3084672311636121 -2.5631482591295756 3.8113670654954581 -1.9428050089770961 3.4363998462185998 5.600004748731557 2.5476923198511106 -2.5511469305051513 4.7097643314217628 -1.621795920810184 1.7941884806799511 2.6071270410762812 -1.3936782890182358 0.69867842321997298 1.7559708786010741 -4.4287869096510484 -0.25692628841588994 -3.214288536198231 1.0259169284568346 2.6902224456512176
leaf_weight=20 30 20 38 23 31 37 23 32 20 20 20 29 21 22 25 32 22 22 31 20 20 36 24 22
leaf_count=20 30 20 38 23 31 37 23 32 20 20 20 29 21 22 25 32 22 22 31 20 20 36 24 22
internal_value=9.98321e-05 0.651047 -0.593664 1.94203 -1.30229 -0.817979 0.189206 -3.59402 3.16158 2.69829 0.288107 -0.631169 2.1615 1.45069 3.13986 1.58211 1.08623 2.29946 2.5255 -3.23097 0.766557 -2.62341 1.72605 3.06017
internal_weight=640 542 276 266 225 194 137 98 153 130 113 69 110 64 46 99 67 45 51 57 40 68 44 42
internal_count=640 542 276 266 225 194 137 98 153 130 113 69 110 64 46 99 67 45 51 57 40 68 44 42
is_linear=0
shrinkage=0.01


Tree=7
num_leaves=25
num_cat=0
split_feature=0 1 2 18 17 0 0 19 18 0 1 0 1 1 0 0 19 0 1 1 0 1 0 19
split_gain=1.46866e+07 8.54297e+06 6.20142e+06 5.26161e+06 3.21311e+06 4.61141e+06 6.69795e+06 1.99594e+06 1.75951e+06 1.96429e+06 1.46897e+06 1.82423e+06 1.05744e+06 2.05991e+06 1.05582e+06 742261 3.12191e+06 940156 426276 410676 349763 256542 244101 39397.1
threshold=1.1617359676572392 -0.4718846772248021 -0.019606713425827926 -0.62533044382633196 1.2045217502695373 0.51245467920151089 -0.14025289573683355 -1.2247527411864396 -0.40020914686344561 1.055521086696144 -0.0455760201216193 -1.1492942648672393 -1.0858536377962897 -1.0059180896187681 -0.25674663614577686 0.83623875180872109 -1.2072603365609564 0.93046163008066063 -0.59870193302490604 0.65403750514688064 -0.62678557626830267 0.9481739323077002 -0.89746220839496516 -1.2298093855812329
decision_type=2 2 2 2 2 2 2 2 2 2 2 2 2 2 2 2 2 2 2 2 2 2 2 2
left_child=1 2 20 10 5 6 14 -2 -5 15 22 19 -8 -14 -4 16 23 -17 -7 -12 -1 -9 -3 -10
right_child=7 3 4 8 -6 18 12 21 9 -11 11 -13 13 -15 -16 17 -18 -19 -20 -21 -22 -23 -24 -25
leaf_value=3.652503320675085 -5.7048561091138836 2.5224677474900044 -4.3475612208220342 5.6774263802890124 -4.2656586617689864 -2.5376545512291693 3.221165144624766 -1.9234977527879036 3.4023760098750047 5.5445591022000453 1.7648510406040909 -2.5258101921865386 -1.3798670220589853 2.5812179205284354 -1.4342116700133232 4.6631109788282865 -1.6057240633921581 1.7763889821370442 -4.3849376595374387 -0.25438257274061149 1.9074260379843515 -3.1823230602201176 1.0157424944097346 2.6635624887277412
leaf_weight=20 30 20 22 23 31 37 34 32 20 20 20 29 22 32 29 21 22 25 20 20 29 36 24 22
leaf_count=20 30 20 22 23 31 37 34 32 20 20 20 29 22 32 29 21 22 25 20 20 29 36 24 22
internal_value=0.000131426 0.644615 -0.587753 1.9228 -1.28441 -0.809008 0.174204 -3.5583 3.13026 2.67157 0.285271 -0.624887 1.84406 0.968287 -2.70304 2.14008 1.43632 3.10874 -3.19891 0.758967 2.63167 -2.59733 1.70896 3.02986
internal_weight=640 542 276 266 227 196 139 98 153 130 113 69 88 54 51 110 64 46 57 40 49 68 44 42
internal_count=640 542 276 266 227 196 139 98 153 130 113 69 88 54 51 110 64 46 57 40 49 68 44 42
is_linear=0
shrinkage=0.01


Tree=8
num_leaves=25
num_cat=0
split_feature=0 1 2 18 1 0 18 19 18 0 1 0 0 19 0 18 1 1 13 0 1 0 0 19
split_gain=1.43963e+07 8.37455e+06 6.07907e+06 5.1578e+06 2.89435e+06 4.40549e+06 6.3521e+06 1.95651e+06 1.72477e+06 1.9256e+06 1.43997e+06 1.7882e+06 727612 3.06036e+06 921640 608468 417932 402585 383465 342895 251459 239296 228880 38624
threshold=1.1617359676572392 -0.4718846772248021 -0.019606713425827926 -0.62533044382633196 -1.1284810138266916 0.51245467920151089 -0.58042299208614379 -1.2247527411864396 -0.40020914686344561 1.055521086696144 -0.0455760201216193 -1.1492942648672393 0.83623875180872109 -1.2072603365609564 0.93046163008066063 0.43960879641534939 -0.59870193302490604 0.65403750514688064 1.0457543895827897 -0.62678557626830267 0.9481739323077002 -0.89746220839496516 -0.27216492531754882 -1.2298093855812329
decision_type=2 2 2 2 2 2 2 2 2 2 2 2 2 2 2 2 2 2 2 2 2 2 2 2
left_child=1 2 19 10 -4 6 22 -2 -5 12 21 17 13 23 -14 -8 -7 -12 -17 -1 -9 -3 -6 -10
right_child=7 3 4 8 5 16 15 20 9 -11 11 -13 14 -15 -16 18 -18 -19 -20 -21 -22 -23 -24 -25
leaf_value=3.6163398395198407 -5.6481852621116388 2.4974928527303262 -4.1550739055911432 5.6211412719200391 -4.0021000561855811 -2.5124145325217193 0.40725152909755707 -1.9043821863209978 3.3686892492464273 5.4896625662322096 1.7473771607049622 -2.500724988571585 4.6169197552159149 -1.589811453260817 1.7587660616920107 1.4644126644405708 -4.3415223029108327 -0.25186385655167082 3.0822818404230579 1.888482235033218 -3.1506758311571992 1.0056689792034055 -2.4296537146237815 2.6371668456481383
leaf_weight=20 30 20 30 23 20 37 35 32 20 20 20 29 21 22 25 42 20 20 23 29 36 24 20 22
leaf_count=20 30 20 30 23 20 37 35 32 20 20 20 29 21 22 25 42 20 20 23 29 36 24 20 22
internal_value=0.000151482 0.638234 -0.581926 1.90376 -1.27167 -0.828801 0.126398 -3.52294 3.09924 2.6451 0.282462 -0.618668 2.11888 1.4221 3.07794 1.4735 -3.16716 0.751452 2.0446 2.60558 -2.5715 1.69203 -3.2319 2.99985
internal_weight=640 542 276 266 227 197 140 98 153 130 113 69 110 64 46 100 57 40 65 49 68 44 40 42
internal_count=640 542 276 266 227 197 140 98 153 130 113 69 110 64 46 100 57 40 65 49 68 44 40 42
is_linear=0
shrinkage=0.01


Tree=9
num_leaves=25
num_cat=0
split_feature=0 1 2 18 17 0 0 16 18 0 1 0 1 1 0 0 18 0 1 1 0 1 0 16
split_gain=1.41118e+07 8.20946e+06 5.95913e+06 5.05604e+06 3.0917e+06 4.43216e+06 6.44852e+06 1.8204e+06 1.69071e+06 1.88767e+06 1.41155e+06 1.75288e+06 1.04182e+06 2.02826e+06 1.01731e+06 713253 2.505e+06 903488 409751 394652 336162 279620 234586 103773
threshold=1.1617359676572392 -0.4718846772248021 -0.019606713425827926 -0.62533044382633196 1.2045217502695373 0.51245467920151089 -0.14025289573683355 1.3362464619288643 -0.40020914686344561 1.055521086696144 -0.0455760201216193 -1.1492942648672393 -1.0858536377962897 -1.0059180896187681 -0.25674663614577686 0.83623875180872109 0.26211286454694116 0.93046163008066063 -0.59870193302490604 0.65403750514688064 -0.62678557626830267 0.9481739323077002 -0.89746220839496516 -1.3562426920394743
decision_type=2 2 2 2 2 2 2 2 2 2 2 2 2 2 2 2 2 2 2 2 2 2 2 2
left_child=1 2 20 10 5 6 14 21 -5 15 22 19 -8 -14 -4 16 23 -17 -7 -12 -1 -2 -3 -10
right_child=7 3 4 8 -6 18 12 -9 9 -11 11 -13 13 -15 -16 17 -18 -19 -20 -21 -22 -23 -24 -25
leaf_value=3.5805346075379023 -1.8854567007692702 2.4727651871785081 -4.2662334091598924 5.5654145826142409 -4.1834533931047488 -2.4874254552651474 3.1764892227886707 -5.5886456739085997 3.335335980028209 5.4353094980976371 1.7300764132962372 -2.475888983974718 -1.389450062244862 2.5410127078228113 -1.406524864092265 4.5711861567227343 -1.4139092968994718 1.7413179875933935 -4.2985368664429924 -0.24937005675665222 1.8697267899447922 -3.1885080464168261 0.99569552886584578 2.2842995308185445
leaf_weight=20 32 20 22 23 31 37 34 29 20 20 20 29 22 32 29 21 21 25 20 20 29 37 24 23
leaf_count=20 32 20 22 23 31 37 34 29 20 20 20 29 22 32 29 21 21 25 20 20 29 37 24 23
internal_value=0.000171 0.631917 -0.576158 1.8849 -1.25907 -0.792736 0.171177 -3.48793 3.06854 2.6189 0.279682 -0.61251 1.80965 0.940476 -2.65199 2.09789 1.40802 3.04743 -3.13573 0.744012 2.57975 -2.5914 1.67526 2.78635
internal_weight=640 542 276 266 227 196 139 98 153 130 113 69 88 54 51 110 64 46 57 40 49 69 44 43
internal_count=640 542 276 266 227 196 139 98 153 130 113 69 88 54 51 110 64 46 57 40 49 69 44 43
is_linear=0
shrinkage=0.01


Tree=10
num_leaves=25
num_cat=0
split_feature=2 1 2 18 17 1 2 19 18 2 1 1 1 1 1 2 19 1 1 1 1 1 1 16
split_gain=1.38329e+07 8.04761e+06 5.84156e+06 4.95627e+06 3.03051e+06 4.34454e+06 6.32111e+06 1.88148e+06 1.65733e+06 1.8505e+06 1.38368e+06 1.71826e+06 1.02122e+06 1.98819e+06 997268 699181 2.94737e+06 885694 401730 386876 329561 241310 229969 36613.1
threshold=0.83438068243178132 -0.4718846772248021 -0.019606713425827926 -0.62533044382633196 1.2045217502695373 -0.83456012327287488 0.023979175506605447 -1.2247527411864396 -0.40020914686344561 0.63216115842196563 -0.0455760201216193 0.38739251848999451 -1.0858536377962897 -1.0059180896187681 -1.0590330560214853 0.32721687321731585 -1.2072603365609564 -0.15628118666508364 -0.59870193302490604 0.65403750514688064 -0.6831521454119821 0.9481739323077002 -0.21662898261974095 -1.3562426920394743
decision_type=2 2 2 2 2 2 2 2 2 2 2 2 2 2 2 2 2 2 2 2 2 2 2 2
left_child=1 2 20 10 5 6 14 -2 -5 15 22 -12 -8 -14 -4 16 23 -17 -7 -13 -1 -9 -3 -10
right_child=7 3 4 8 -6 18 12 21 9 -11 11 19 13 -15 -16 17 -18 -19 -20 -21 -22 -23 -24 -25
leaf_value=1.8511577218852631 -5.5373559258315748 0.98582088608387097 -1.3925557660403316 5.5102402088559908 -4.1418869380461869 -2.4626849226797778 3.1449101270709114 -1.8667192442520804 3.3023129427314983 5.3814946063202207 -2.451299801395364 1.712947004337122 -1.3756808471679687 2.5157607008655618 -4.2239554003122688 4.5259053457008216 -1.5617108101887747 1.7240429978143601 -4.255977142636139 -0.24690123378640355 3.5450838024781484 -3.0876342096117977 2.4482822618390077 2.5883955630740605
leaf_weight=29 30 24 29 23 31 37 34 32 20 20 29 20 22 32 22 21 22 25 20 20 20 36 20 22
leaf_count=29 30 24 29 23 31 37 34 32 20 20 29 20 22 32 22 21 22 25 20 20 20 36 20 22
internal_value=0.000189488 0.625661 -0.570446 1.86623 -1.24658 -0.784892 0.169446 -3.45327 3.03813 2.59296 0.276929 -0.606414 1.79165 0.931114 -2.62569 2.0771 1.39407 3.01723 -3.10461 0.736645 2.55418 -2.52026 1.65867 2.94242
internal_weight=640 542 276 266 227 196 139 98 153 130 113 69 88 54 51 110 64 46 57 40 49 68 44 42
internal_count=640 542 276 266 227 196 139 98 153 130 113 69 88 54 51 110 64 46 57 40 49 68 44 42
is_linear=0
shrinkage=0.01


Tree=11
num_leaves=25
num_cat=0
split_feature=0 5 2 18 17 0 0 19 18 0 13 0 5 5 0 0 19 0 5 5 0 5 0 16
split_gain=1.35594e+07 7.88897e+06 5.72631e+06 4.85849e+06 2.97053e+06 4.25865e+06 6.19622e+06 1.84431e+06 1.62461e+06 1.81405e+06 1.35637e+06 1.68432e+06 1.00102e+06 1.94891e+06 977622 685383 2.88926e+06 868250 393867 379253 323090 236528 225442 35894.7
threshold=1.1617359676572392 -0.30023973500180517 -0.019606713425827926 -0.62533044382633196 1.2045217502695373 0.51245467920151089 -0.14025289573683355 -1.2247527411864396 -0.40020914686344561 1.055521086696144 0.044862603954883618 -1.1492942648672393 -1.2797037576841244 -1.0944166906969739 -0.25674663614577686 0.83623875180872109 -1.2072603365609564 0.93046163008066063 -0.4574669608144018 0.77527726966555244 -0.62678557626830267 1.0003051529914948 -0.89746220839496516 -1.3562426920394743
decision_type=2 2 2 2 2 2 2 2 2 2 2 2 2 2 2 2 2 2 2 2 2 2 2 2
left_child=1 2 20 10 5 6 14 -2 -5 15 11 19 -8 -14 -4 16 23 -17 -7 -3 -1 -9 -12 -10
right_child=7 3 4 8 -6 18 12 21 9 -11 22 -13 13 -15 -16 17 -18 -19 -20 -21 -22 -23 -24 -25
leaf_value=3.5099836474125925 -5.4823491018813186 1.6959870699136566 -4.1820964565792602 5.4556127706067326 -4.1007336171468101 -2.4381905003004176 3.1136448738588922 -1.8481681226647417 3.2696165568285647 5.3282122122887339 2.4240417756184494 -2.4269547254745274 -1.3620480015041594 2.4907591181216029 -1.3787255392989068 4.481073484960592 -1.5462343148927431 1.7069393424382284 -4.21383871248453 -0.2444566775784634 1.8327726995781675 -3.056928360567567 0.97604402191382811 2.5627448032138584
leaf_weight=20 30 20 22 23 31 37 34 32 20 20 20 29 22 32 29 21 22 25 20 20 29 36 24 22
leaf_count=20 30 20 22 23 31 37 34 32 20 20 20 29 22 32 29 21 22 25 20 20 29 36 24 22
internal_value=0.000208251 0.619467 -0.564791 1.84775 -1.23422 -0.777125 0.167732 -3.41895 3.00803 2.56728 0.274203 -0.600378 1.77383 0.921845 -2.59965 2.05652 1.38026 2.98733 -3.0738 0.729351 2.52885 -2.4952 1.64224 2.91327
internal_weight=640 542 276 266 227 196 139 98 153 130 113 69 88 54 51 110 64 46 57 40 49 68 44 42
internal_count=640 542 276 266 227 196 139 98 153 130 113 69 88 54 51 110 64 46 57 40 49 68 44 42
is_linear=0
shrinkage=0.01


Tree=12
num_leaves=25
num_cat=0
split_feature=0 1 2 18 17 0 0 19 18 0 1 0 1 1 0 0 19 0 1 1 0 1 0 16
split_gain=1.32914e+07 7.73344e+06 5.61333e+06 4.76263e+06 2.91174e+06 4.17446e+06 6.0738e+06 1.80788e+06 1.59253e+06 1.77832e+06 1.3296e+06 1.65106e+06 981230 1.9104e+06 958362 671857 2.8323e+06 851150 386157 371781 316746 231842 221005 35190.4
threshold=1.1617359676572392 -0.4718846772248021 -0.019606713425827926 -0.62533044382633196 1.2045217502695373 0.51245467920151089 -0.14025289573683355 -1.2247527411864396 -0.40020914686344561 1.055521086696144 -0.0455760201216193 -1.1492942648672393 -1.0858536377962897 -1.0059180896187681 -0.25674663614577686 0.83623875180872109 -1.2072603365609564 0.93046163008066063 -0.59870193302490604 0.65403750514688064 -0.62678557626830267 0.9481739323077002 -0.89746220839496516 -1.3562426920394743
decision_type=2 2 2 2 2 2 2 2 2 2 2 2 2 2 2 2 2 2 2 2 2 2 2 2
left_child=1 2 20 10 5 6 14 -2 -5 15 22 19 -8 -14 -4 16 23 -17 -7 -12 -1 -9 -3 -10
right_child=7 3 4 8 -6 18 12 21 9 -11 11 -13 13 -15 -16 17 -18 -19 -20 -21 -22 -23 -24 -25
leaf_value=3.4752314531685102 -5.4278886624203624 2.4000414680254343 -4.1406522658064562 5.4015271640646052 -4.0599892758100458 -2.4139396289087109 3.0826905162432037 -1.8298011301170962 3.2372441595851784 5.2754578233473373 1.6791951710162778 -2.4028513263023066 -1.3485501991306341 2.4660061778192932 -1.3650328101850537 4.4366853346914619 -1.5309113375345869 1.6900053684295171 -4.1721176933061956 -0.24203615774022472 1.8145705838399391 -3.0265280449283383 0.96636428730546942 2.5373482396581148
leaf_weight=20 30 20 22 23 31 37 34 32 20 20 20 29 22 32 29 21 22 25 20 20 29 36 24 22
leaf_count=20 30 20 22 23 31 37 34 32 20 20 20 29 22 32 29 21 22 25 20 20 29 36 24 22
internal_value=0.000226699 0.613335 -0.559192 1.82945 -1.22199 -0.769435 0.166036 -3.38497 2.97823 2.54185 0.271504 -0.594402 1.75619 0.912668 -2.57388 2.03614 1.36659 2.95772 -3.04329 0.72213 2.50378 -2.47039 1.62597 2.88442
internal_weight=640 542 276 266 227 196 139 98 153 130 113 69 88 54 51 110 64 46 57 40 49 68 44 42
internal_count=640 542 276 266 227 196 139 98 153 130 113 69 88 54 51 110 64 46 57 40 49 68 44 42
is_linear=0
shrinkage=0.01


Tree=13
num_leaves=24
num_cat=0
split_feature=0 1 2 0 1 17 0 0 1 1 0 19 0 1 1 0 1 13 0 0 1 0 1
split_gain=1.30287e+07 7.58099e+06 5.50258e+06 2.93552e+06 3.89062e+06 2.85411e+06 4.09194e+06 5.95379e+06 2.17594e+06 2.1393e+06 1.96355e+06 1.77216e+06 973976 961828 1.87266e+06 939481 857691 723957 713694 834386 378598 310526 227248
threshold=1.1617359676572392 -0.4718846772248021 -0.019606713425827926 0.83623875180872109 1.005768874087428 1.2045217502695373 0.51245467920151089 -0.14025289573683355 1.2421355843194215 -0.37072131045028817 -0.92144621377327696 -1.2247527411864396 -1.0105296623212923 -1.0858536377962897 -1.0059180896187681 -0.25674663614577686 0.40032488128346272 -1.7736049196859172 1.055521086696144 0.93046163008066063 -0.59870193302490604 -0.62678557626830267 0.9481739323077002
decision_type=2 2 2 2 2 2 2 2 2 2 2 2 2 2 2 2 2 2 2 2 2 2 2
left_child=1 2 21 4 9 6 7 15 -6 -3 12 -2 16 -9 -15 -4 -11 -10 19 -5 -8 -1 -13
right_child=11 3 5 18 8 -7 20 13 17 10 -12 22 -14 14 -16 -17 -18 -19 -20 -21 -22 -23 -24
leaf_value=3.4408233446177872 -5.3739693105102377 3.1455865507786815 -4.0996187426592856 4.3927371719648258 5.7590921466755409 -4.0196494060907613 -2.3899300078935517 3.0520437448066575 0.6607781553662514 -2.0356838580294774 -3.2113680045911583 -1.811616804703422 1.7784986152378381 -1.3351860666704607 2.4414994631939049 -1.3514760866230484 0.43653298782428523 3.0506718812269322 5.2232254653401888 1.6732395680745442 -4.1308095830029785 1.7965491221049061 -2.9964298577993613
leaf_weight=20 30 20 22 21 21 31 37 34 24 22 20 32 28 22 32 29 38 27 20 25 20 29 36
leaf_count=20 30 20 22 21 21 31 37 34 24 22 20 32 28 22 32 29 38 27 20 25 20 29 36
internal_value=0.000244773 0.607264 -0.553648 1.81133 1.20566 -1.20987 -0.761821 0.164356 3.06183 0.158411 -0.399553 -3.35133 0.245318 1.73872 0.903582 -2.54835 -0.473681 1.93301 3.6375 2.92841 -3.01309 2.47896 -2.44583
internal_weight=640 542 276 266 200 227 196 139 72 128 108 98 88 88 54 51 60 51 66 46 57 49 68
internal_count=640 542 276 266 200 227 196 139 72 128 108 98 88 88 54 51 60 51 66 46 57 49 68
is_linear=0
shrinkage=0.01


Tree=14
num_leaves=25
num_cat=0
split_feature=0 1 2 18 17 0 18 19 18 0 1 0 0 19 0 18 15 1 1 0 1 0 0 16
split_gain=1.27711e+07 7.43143e+06 5.39402e+06 4.55929e+06 2.79762e+06 4.01104e+06 5.84642e+06 1.73715e+06 1.53374e+06 1.71233e+06 1.29982e+06 1.61037e+06 650074 2.76676e+06 817953 463175 395722 371188 366344 304429 222745 211761 188473 33880.5
threshold=1.1617359676572392 -0.4718846772248021 -0.019606713425827926 -0.62533044382633196 1.2045217502695373 0.51245467920151089 -0.58042299208614379 -1.2247527411864396 -0.40020914686344561 1.055521086696144 -0.0455760201216193 -1.1492942648672393 0.83623875180872109 -1.2072603365609564 0.93046163008066063 0.43960879641534939 1.058999559819634 -0.59870193302490604 0.65403750514688064 -0.62678557626830267 0.9481739323077002 -0.89746220839496516 -0.27216492531754882 -1.3562426920394743
decision_type=2 2 2 2 2 2 2 2 2 2 2 2 2 2 2 2 2 2 2 2 2 2 2 2
left_child=1 2 19 10 5 6 22 -2 -5 12 21 18 13 23 -14 -8 -17 -7 -12 -1 -9 -3 -4 -10
right_child=7 3 4 8 -6 17 15 20 9 -11 11 -13 14 -15 -16 16 -18 -19 -20 -21 -22 -23 -24 -25
leaf_value=3.4067556505864207 -5.3205853964003511 2.3660804722096662 -3.7554202723739172 5.2954713058471681 -3.9797105857653499 -2.366159214742722 0.51628858615083306 -1.7936129689660871 3.1809032130477455 5.1715105606305718 1.6631429570264158 -2.3731385271516565 4.3492240502699371 -1.5293251236924181 1.6566399553087021 1.3715318237774745 3.0131312889888369 -4.0899102987157239 -0.24396191889696781 1.7787068363411787 -2.9666312299117199 0.96236036095737432 -2.3234578549979936 2.4938132992306272
leaf_weight=20 30 20 20 23 31 37 34 32 20 20 20 29 21 22 25 42 23 20 20 29 36 24 20 22
leaf_count=20 30 20 20 23 31 37 34 32 20 20 20 29 21 22 25 42 23 20 20 29 36 24 20 22
internal_value=0.00025514 0.601244 -0.548159 1.79338 -1.19788 -0.754283 0.162694 -3.31803 2.91736 2.48913 0.269044 -0.587113 1.99291 1.33436 2.89939 1.46615 1.95988 -2.98319 0.713096 2.45438 -2.42152 1.60826 -3.05459 2.83455
internal_weight=640 542 276 266 227 196 139 98 153 130 113 69 110 64 46 99 65 57 40 49 68 44 40 42
internal_count=640 542 276 266 227 196 139 98 153 130 113 69 110 64 46 99 65 57 40 49 68 44 40 42
is_linear=0
shrinkage=0.01


Tree=15
num_leaves=24
num_cat=0
split_feature=0 1 0 18 17 0 18 19 18 0 1 0 0 19 0 18 13 0 1 1 1 0 16
split_gain=1.25187e+07 7.28492e+06 5.14651e+06 4.46933e+06 2.73217e+06 3.9356e+06 5.87004e+06 1.70284e+06 1.50346e+06 1.6786e+06 1.27417e+06 1.57856e+06 637245 2.71221e+06 801843 454024 387940 364887 363922 359126 218331 207593 33215.7
threshold=1.1617359676572392 -0.4718846772248021 -0.43320039000049987 -0.62533044382633196 1.2045217502695373 0.51245467920151089 -0.58042299208614379 -1.2247527411864396 -0.40020914686344561 1.055521086696144 -0.0455760201216193 -1.1492942648672393 0.83623875180872109 -1.2072603365609564 0.93046163008066063 0.43960879641534939 1.0457543895827897 -0.62678557626830267 -0.59870193302490604 0.65403750514688064 0.9481739323077002 -0.89746220839496516 -1.3562426920394743
decision_type=2 2 2 2 2 2 2 2 2 2 2 2 2 2 2 2 2 2 2 2 2 2 2
left_child=1 2 17 10 5 6 -4 -2 -5 12 21 19 13 22 -14 -8 -17 -1 -7 -12 -9 -3 -10
right_child=7 3 4 8 -6 18 15 20 9 -11 11 -13 14 -15 -16 16 -18 -19 -20 -21 -22 -23 -24
leaf_value=3.3730252437780401 -5.26773207910803 2.3426539460739289 -3.1618854328974373 5.2429733631528652 -3.9401686529012823 -2.3426247924630359 0.5111559824357953 -1.7757884666490256 3.1494091064150966 5.1203072002146506 1.6466760287898603 -2.349569697053465 4.3061421387150602 -1.5141695746000823 1.6402049346197221 1.3578814857717938 2.983259719980174 1.6226881288259458 -4.0494161201703669 -0.24154649791150992 -2.937128776845352 0.95281644868456639 2.4690998757852087
leaf_weight=20 30 20 38 23 31 37 34 32 20 20 20 29 21 22 25 42 23 31 20 20 36 24 22
leaf_count=20 30 20 38 23 31 37 34 32 20 20 20 29 21 22 25 42 23 31 20 20 36 24 22
internal_value=0.000272847 0.595293 -0.542724 1.77562 -1.19301 -0.750418 0.169189 -3.28505 2.88846 2.46447 0.266395 -0.581269 1.97317 1.32115 2.87066 1.45159 1.94042 2.31961 -2.95358 0.706035 -2.39744 1.59233 2.80647
internal_weight=640 542 276 266 225 194 137 98 153 130 113 69 110 64 46 99 65 51 57 40 68 44 42
internal_count=640 542 276 266 225 194 137 98 153 130 113 69 110 64 46 99 65 51 57 40 68 44 42
is_linear=0
shrinkage=0.01


Tree=16
num_leaves=25
num_cat=0
split_feature=2 3 2 18 17 2 2 19 18 2 15 2 3 3 2 2 19 2 3 3 2 3 2 16
split_gain=1.22713e+07 7.14118e+06 5.18607e+06 4.38115e+06 2.68768e+06 3.8534e+06 5.62988e+06 1.6692e+06 1.47377e+06 1.64554e+06 1.24901e+06 1.54738e+06 950380 1.8531e+06 898901 624669 2.65874e+06 786051 356798 352050 292059 214005 203507 32564
threshold=0.83438068243178132 0.15010020488428605 -0.019606713425827926 -0.62533044382633196 1.2045217502695373 0.094847461699055183 0.023979175506605447 -1.2247527411864396 -0.40020914686344561 0.63216115842196563 0.027315559582546962 -0.75818910151088559 -1.3616669431197852 -0.85828300853528128 0.016669873706112771 0.32721687321731585 -1.2072603365609564 0.4410499657018756 0.013021885570619913 0.76313356988607961 -0.10167046579067167 0.84616109593159383 -0.34759127269147144 -1.3562426920394743
decision_type=2 2 2 2 2 2 2 2 2 2 2 2 2 2 2 2 2 2 2 2 2 2 2 2
left_child=1 2 20 10 5 6 14 -2 -5 15 11 19 -8 -14 -4 16 23 -17 -7 -3 -1 -9 -12 -10
right_child=7 3 4 8 -6 18 12 21 9 -11 22 -13 13 -15 -16 17 -18 -19 -20 -21 -22 -23 -24 -25
leaf_value=3.3396290648809752 -5.2154035518974657 1.6303724772387214 -3.9960425223960532 5.1909953538302718 -3.9010194736871968 -2.3193245661899606 2.9955055522360996 -1.7581408335999669 3.1182269513725056 5.0696113014693314 2.3194593082088053 -2.3262348653192393 -1.3666622133512756 2.390111320922093 -1.3081104253742795 4.2634871529633145 -1.4991643262983445 1.6239332132490856 -4.0093230551540264 -0.23915482624922649 1.7449257699267506 -2.9079197550083387 0.94336689795344342 2.4446313009176168
leaf_weight=20 30 20 22 23 31 37 34 32 20 20 20 29 22 32 29 21 22 25 20 20 29 36 24 22
leaf_count=20 30 20 22 23 31 37 34 32 20 20 20 29 22 32 29 21 22 25 20 20 29 36 24 22
internal_value=0.000298738 0.58941 -0.537323 1.75803 -1.1744 -0.739603 0.159174 -3.2524 2.85984 2.44006 0.263773 -0.575484 1.69011 0.86016 -2.47871 1.95362 1.30806 2.84221 -2.92427 0.699045 2.40678 -2.3736 1.57655 2.77867
internal_weight=640 542 276 266 227 196 139 98 153 130 113 69 88 54 51 110 64 46 57 40 49 68 44 42
internal_count=640 542 276 266 227 196 139 98 153 130 113 69 88 54 51 110 64 46 57 40 49 68 44 42
is_linear=0
shrinkage=0.01


Tree=17
num_leaves=26
num_cat=0
split_feature=0 1 0 18 17 18 0 19 18 0 0 1 0 1 0 0 19 0 1 13 0 1 1 0 16
split_gain=1.20288e+07 7.0004e+06 4.95029e+06 4.29471e+06 2.62452e+06 3.78077e+06 6.62926e+06 1.63622e+06 1.44467e+06 1.61313e+06 1.32257e+06 1.22436e+06 1.51682e+06 726981 1.66466e+06 612341 2.60632e+06 770570 531185 390666 349714 345113 209765 199501 31925
threshold=1.1617359676572392 -0.4718846772248021 -0.43320039000049987 -0.62533044382633196 1.2045217502695373 1.06863735587221 -0.1162688903585217 -1.2247527411864396 -0.40020914686344561 1.055521086696144 -0.25674663614577686 -0.0455760201216193 -1.1492942648672393 -1.0858536377962897 0.32058263617501587 0.83623875180872109 -1.2072603365609564 0.93046163008066063 -0.59870193302490604 0.74913412806792723 -0.62678557626830267 0.65403750514688064 0.9481739323077002 -0.89746220839496516 -1.3562426920394743
decision_type=2 2 2 2 2 2 2 2 2 2 2 2 2 2 2 2 2 2 2 2 2 2 2 2 2
left_child=1 2 20 11 5 6 10 -2 -5 15 -4 23 21 -8 -15 16 24 -17 19 -7 -1 -13 -9 -3 -10
right_child=7 3 4 8 -6 18 13 22 9 -11 -12 12 -14 14 -16 17 -18 -19 -20 -21 -22 -23 -24 -25 -26
leaf_value=3.306563374736522 -5.1635948820303614 2.2964944378692325 -4.3111849673431699 5.1395332329848715 -3.8622593972621821 -1.1620919827605023 3.6144885903216424 -1.7406686292375835 3.0873530729690404 5.0194171442371784 -1.0885862892730669 1.6142301872933267 -2.3031319279866675 -0.45281005373540917 3.5642718128166577 4.2212543444363577 -1.4843077715023145 1.607822729443747 -3.9696267715303026 -2.9427318692798456 1.5929078635191305 -0.23678700588717319 -2.8790011654637797 0.93401118286385032 2.4204049816647091
leaf_weight=20 30 20 20 23 31 26 28 32 20 20 35 20 29 21 20 21 22 25 20 24 31 20 36 24 22
leaf_count=20 30 20 20 23 31 26 28 32 20 20 35 20 29 21 20 21 22 25 20 24 31 20 36 24 22
internal_value=0.000315191 0.583576 -0.531997 1.74062 -1.16976 -0.73598 0.313375 -3.22008 2.83151 2.41589 -2.27183 0.261176 -0.569756 2.37467 1.51451 1.93426 1.29511 2.81404 -2.59045 -2.02514 2.27524 0.692123 -2.35001 1.56093 2.75115
internal_weight=640 542 276 266 225 194 124 98 153 130 55 113 69 69 41 110 64 46 70 50 51 40 68 44 42
internal_count=640 542 276 266 225 194 124 98 153 130 55 113 69 69 41 110 64 46 70 50 51 40 68 44 42
is_linear=0
shrinkage=0.01


Tree=18
num_leaves=24
num_cat=0
split_feature=0 1 2 0 1 17 0 0 1 1 0 16 0 1 1 0 1 13 0 0 1 0 1
split_gain=1.17911e+07 6.86237e+06 4.98618e+06 2.65733e+06 3.52377e+06 2.58202e+06 3.71542e+06 5.42336e+06 2.12193e+06 1.99362e+06 1.9548e+06 1.52083e+06 935849 911096 1.80496e+06 863648 775179 676711 646176 755393 340317 280196 233608
threshold=1.1617359676572392 -0.4718846772248021 -0.019606713425827926 0.83623875180872109 1.005768874087428 1.2045217502695373 0.51245467920151089 -0.14025289573683355 -0.37072131045028817 1.2421355843194215 -0.92144621377327696 1.3362464619288643 -1.0105296623212923 -1.0858536377962897 -1.0059180896187681 -0.25674663614577686 0.40032488128346272 -1.7736049196859172 1.055521086696144 0.93046163008066063 -0.59870193302490604 -0.62678557626830267 0.9481739323077002
decision_type=2 2 2 2 2 2 2 2 2 2 2 2 2 2 2 2 2 2 2 2 2 2 2
left_child=1 2 21 4 8 6 7 15 -3 -6 12 22 16 -9 -15 -4 -10 -11 19 -5 -8 -1 -2
right_child=11 3 5 18 9 -7 20 13 10 17 -12 -13 -14 14 -16 -17 -18 -19 -20 -21 -22 -23 -24
leaf_value=3.2738253784179689 -1.723369958060128 3.1255035076519051 -3.9190375072032482 4.1794401305576541 5.4953231120559405 -3.8238844304207045 -2.2794322571671133 2.9380431365966793 -1.9514923741795995 0.60357590013299112 -3.2107549872256742 -5.1081842358471601 1.7411067970762861 -1.3504409387949352 2.3572079173970666 -1.2843077818498219 0.39884500613387347 2.9137280823202696 4.9697198951126325 1.5918719785175628 -3.9303236434483293 1.7117759839598445 -2.9144063622464418
leaf_weight=20 32 20 22 21 21 31 37 34 22 24 20 29 28 22 32 29 38 27 20 25 20 29 37
leaf_count=20 32 20 22 21 21 31 37 34 22 24 20 29 28 22 32 29 38 27 20 25 20 29 37
internal_value=0.000333317 0.577801 -0.526718 1.72338 1.14712 -1.15139 -0.725232 0.157306 0.150467 2.91361 -0.405215 -3.18808 0.238231 1.6599 0.847257 -2.43175 -0.466549 1.83322 3.46087 2.78615 -2.87043 2.36008 -2.36863
internal_weight=640 542 276 266 200 227 196 139 128 72 108 98 88 88 54 51 60 51 66 46 57 49 69
internal_count=640 542 276 266 200 227 196 139 128 72 108 98 88 88 54 51 60 51 66 46 57 49 69
is_linear=0
shrinkage=0.01


Tree=19
num_leaves=27
num_cat=0
split_feature=0 1 2 18 17 18 0 19 18 0 1 0 0 1 0 0 19 0 1 13 1 0 0 0 0 19
split_gain=1.1558e+07 6.72699e+06 4.8878e+06 4.11072e+06 2.53092e+06 3.65203e+06 6.34913e+06 1.57349e+06 1.39128e+06 1.55336e+06 1.19703e+06 1.47975e+06 1.0878e+06 695066 1.60331e+06 592585 2.54648e+06 740516 505396 394177 340043 274694 212485 612625 190993 30724.5
threshold=1.1617359676572392 -0.4718846772248021 -0.019606713425827926 -0.62533044382633196 1.2045217502695373 1.06863735587221 -0.1162688903585217 -1.2247527411864396 -0.40020914686344561 1.055521086696144 -0.0455760201216193 -1.1492942648672393 -0.25160720642185291 -1.0858536377962897 0.32058263617501587 0.83623875180872109 -1.2072603365609564 0.93046163008066063 -0.59870193302490604 0.74913412806792723 0.65403750514688064 -0.62678557626830267 1.4152811673708221 1.2593851324117946 -0.89746220839496516 -1.2298093855812329
decision_type=2 2 2 2 2 2 2 2 2 2 2 2 2 2 2 2 2 2 2 2 2 2 2 2 2 2
left_child=1 2 21 10 5 6 12 -2 -5 15 24 20 -4 -8 -15 16 25 -17 19 -7 -12 -1 23 -9 -3 -10
right_child=7 3 4 8 -6 18 13 22 9 -11 11 -13 -14 14 -16 17 -18 -19 -20 -21 -22 -23 -24 -25 -26 -27
leaf_value=3.2414112461203395 -5.0622838274216813 2.2638724593360826 -3.6669490895744499 5.0384948592350405 -3.7858906374222192 -1.1279396274253612 3.5494281330514461 -1.489496611829074 3.0336548750471359 4.9205147480728604 1.5989527949720326 -2.2747875887727087 -0.89126439227125587 -0.43494758376535381 3.5074785848183208 4.138039991270821 -1.4828259207751302 1.5760796222989522 -3.8914094180871945 -2.9158494580481666 -0.23839154309565477 1.6947754305192868 -1.5486441749996609 -3.8950939824559669 0.93040751973459557 2.3789911314818237
leaf_weight=20 30 20 26 23 31 26 28 21 20 20 20 29 31 21 20 21 22 25 20 24 20 29 25 22 24 22
leaf_count=20 30 20 26 23 31 26 28 21 20 20 20 29 31 21 20 21 22 25 20 24 20 29 25 22 24 22
internal_value=0.000341906 0.572073 -0.521497 1.7063 -1.13998 -0.718056 0.299846 -3.1564 2.77356 2.36571 0.258884 -0.562723 -2.16578 2.33705 1.49585 1.89311 1.2644 2.75854 -2.54593 -1.99435 0.68364 2.33669 -2.30317 -2.73263 1.54405 2.70366
internal_weight=640 542 276 266 227 196 126 98 153 130 113 69 57 69 41 110 64 46 70 50 40 49 68 43 44 42
internal_count=640 542 276 266 227 196 126 98 153 130 113 69 57 69 41 110 64 46 70 50 40 49 68 43 44 42
is_linear=0
shrinkage=0.01


Tree=20
num_leaves=25
num_cat=0
split_feature=2 1 2 2 1 17 1 2 1 1 1 19 1 1 1 1 1 13 1 1 1 1 1 1
split_gain=1.13298e+07 6.59431e+06 4.79133e+06 2.55361e+06 3.38662e+06 2.48085e+06 3.58315e+06 5.22148e+06 2.08617e+06 1.92356e+06 1.92173e+06 1.54232e+06 912861 873113 1.75828e+06 831340 744507 655522 620993 725931 342883 269300 208302 600539
threshold=0.83438068243178132 -0.4718846772248021 -0.019606713425827926 0.32721687321731585 1.005768874087428 1.2045217502695373 -0.83456012327287488 0.023979175506605447 -0.37072131045028817 -0.17065583957519243 1.2421355843194215 -1.2247527411864396 0.024520003270949171 -1.0858536377962897 -1.0059180896187681 -1.0590330560214853 0.40032488128346272 -1.7736049196859172 0.12885602564348764 -0.15628118666508364 -0.66301777371994897 -0.6831521454119821 1.1372016163154144 0.67360300494119463
decision_type=2 2 2 2 2 2 2 2 2 2 2 2 2 2 2 2 2 2 2 2 2 2 2 2
left_child=1 2 21 4 8 6 7 15 -3 -10 -6 -2 -11 -9 -15 -4 -14 -12 19 -5 -8 -1 23 -13
right_child=11 3 5 18 10 -7 20 13 9 12 17 22 16 14 -16 -17 -18 -19 -20 -21 -22 -23 -24 -25
leaf_value=1.6779438715764921 -5.0119961285117443 3.0972926561903247 -1.2588986453656363 4.0970500902859666 5.3909787242817426 -3.748274434652084 -3.5580526004248108 2.8813384514524221 -3.1865736073314554 1.7190450771142403 0.58541024594267543 -1.4747421149487767 -1.9165901383408552 -1.3345236698356837 2.3248579529945892 -3.8438611822729714 0.38679040649174395 2.8589995322507971 4.8717968815152011 1.5604438563755583 -1.9747233327346689 3.2093180016243812 -1.5332805370149161 -3.8564940574577267
leaf_weight=29 30 20 29 21 21 31 30 34 20 28 24 21 22 22 32 22 38 27 20 25 27 20 25 22
leaf_count=29 30 20 29 21 21 31 30 34 20 28 24 21 22 22 32 22 38 27 20 25 27 20 25 22
internal_value=0.000354607 0.566416 -0.516316 1.6894 1.1245 -1.12866 -0.710935 0.155749 0.147431 -0.403546 2.85627 -3.12508 0.234741 1.63011 0.834557 -2.38466 -0.461327 1.79556 3.39264 2.7312 -2.8176 2.31352 -2.28034 -2.70555
internal_weight=640 542 276 266 200 227 196 139 128 108 72 98 88 88 54 51 60 51 66 46 57 49 68 43
internal_count=640 542 276 266 200 227 196 139 128 108 72 98 88 88 54 51 60 51 66 46 57 49 68 43
is_linear=0
shrinkage=0.01


Tree=21
num_leaves=26
num_cat=0
split_feature=0 1 2 18 0 18 0 1 1 19 1 13 1 1 0 1 13 0 0 0 0 0 0 0 0
split_gain=1.11062e+07 6.46419e+06 4.69679e+06 3.93516e+06 2.2307e+06 6.41939e+06 1.98464e+06 2.09071e+06 1.51963e+06 1.51178e+06 1.50609e+06 1.17649e+06 1.52148e+06 1.11805e+06 1.01262e+06 494801 398837 364162 264012 204201 588692 191494 372069 182799 156963
threshold=1.1617359676572392 -0.4718846772248021 -0.019606713425827926 -0.74646536080120363 0.0053642797743455959 1.06863735587221 -0.073440309325821934 -1.0956656278004953 -0.0455760201216193 -1.2247527411864396 -1.1005827074235486 -1.7736049196859172 0.34275581055150722 1.175118673138319 -1.1492942648672393 -0.59870193302490604 0.74913412806792723 0.30345120376193596 -0.62678557626830267 1.4152811673708221 1.2593851324117946 0.87735418960011291 0.99384793000905625 -0.89746220839496516 -0.27216492531754882
decision_type=2 2 2 2 2 2 2 2 2 2 2 2 2 2 2 2 2 2 2 2 2 2 2 2 2
left_child=1 2 18 8 6 10 7 -4 23 -2 -6 -5 21 -14 -10 16 -7 -12 -1 20 -11 -13 -23 -3 -9
right_child=9 3 4 11 5 15 -8 24 14 19 17 12 13 -15 -16 -17 -18 -19 -20 -21 -22 22 -24 -25 -26
leaf_value=3.177542661156985 -4.9622080690497592 2.2317229726054881 0.91256559934081705 0.57960476575804154 -0.58328126794040802 -1.0856674962917356 -4.9707103516174866 -3.502098426441155 0.38894864905370424 -1.460133882918448 1.8112103107746911 2.7227577309381394 5.5216098426667282 2.859788077094338 -2.2468567451059003 -3.8333287373155649 -2.8832478635173198 3.5113249727279419 1.661279477615879 -1.5180696057516432 -3.8182764510421068 0.56765357215805812 2.3334561194489334 0.92681650618876321 -2.1921485062400894
leaf_weight=20 30 20 23 24 20 26 22 20 29 21 27 25 30 35 29 20 24 25 29 25 22 20 30 24 20
leaf_count=20 30 20 23 24 20 26 22 20 29 21 27 25 30 35 29 20 24 25 29 25 22 20 30 24 20
internal_value=0.00035721 0.560803 -0.511193 1.67265 -1.11747 -0.349404 -2.39675 -1.485 0.129744 -3.09407 1.74471 2.63093 2.98125 4.10151 -0.932129 -2.5022 -1.95658 2.63891 2.29058 -2.25774 -2.67874 2.00203 1.63223 1.52739 -2.86131
internal_weight=640 542 276 266 227 142 85 63 102 98 72 164 140 65 58 70 50 52 49 68 43 75 50 44 40
internal_count=640 542 276 266 227 142 85 63 102 98 72 164 140 65 58 70 50 52 49 68 43 75 50 44 40
is_linear=0
shrinkage=0.01


Tree=22
num_leaves=26
num_cat=0
split_feature=0 3 2 18 17 18 0 19 18 0 13 0 0 3 0 0 19 0 3 13 3 0 3 0 19
split_gain=1.08868e+07 6.3366e+06 4.60417e+06 3.87849e+06 2.38386e+06 3.46508e+06 6.03327e+06 1.48183e+06 1.31402e+06 1.48491e+06 1.15452e+06 1.40421e+06 1.02283e+06 679293 1.53398e+06 576101 2.48767e+06 710436 485070 390968 345448 258828 202463 179202 29013.9
threshold=1.1617359676572392 0.15010020488428605 -0.019606713425827926 -0.62533044382633196 1.2045217502695373 1.06863735587221 -0.1162688903585217 -1.2247527411864396 -0.40020914686344561 1.055521086696144 0.044862603954883618 -1.1492942648672393 -0.25160720642185291 -1.3616669431197852 0.32058263617501587 0.83623875180872109 -1.2072603365609564 0.93046163008066063 0.013021885570619913 0.74913412806792723 0.76313356988607961 -0.62678557626830267 0.84616109593159383 -0.89746220839496516 -1.2298093855812329
decision_type=2 2 2 2 2 2 2 2 2 2 2 2 2 2 2 2 2 2 2 2 2 2 2 2 2
left_child=1 2 21 10 5 6 12 -2 -5 15 11 20 -4 -8 -15 16 24 -17 19 -7 -3 -1 -9 -12 -10
right_child=7 3 4 8 -6 18 13 22 9 -11 23 -13 -14 14 -16 17 -18 -19 -20 -21 -22 -23 -24 -25 -26
leaf_value=3.1460818405906754 -4.9129146634032397 1.5800019464398376 -3.5646071187958461 4.8938517909214418 -3.6742995281708546 -1.0748938011850111 3.4788451304334274 -1.6378642699437109 2.958268839014639 4.7941444592428679 2.2096268655758093 -2.2245420411514907 -0.87299813747406008 -0.43937078574918353 3.4167789073981862 4.0386443112931163 -1.5004951611939854 1.5295218234592014 -3.7953751244875464 -2.8546535927008008 -0.27166196162157724 1.644780362762817 -2.7544623049319772 0.91762481618518676 2.3213066953366939
leaf_weight=20 30 20 26 23 31 26 28 32 20 20 20 29 31 21 20 21 22 25 20 24 20 29 36 24 22
leaf_count=20 30 20 26 23 31 26 28 32 20 20 20 29 31 21 20 21 22 25 20 24 20 29 36 24 22
internal_value=0.000341629 0.555224 -0.506139 1.65604 -1.10641 -0.696926 0.294576 -3.06337 2.69272 2.29637 0.250113 -0.556765 -2.10894 2.28046 1.44911 1.83434 1.21463 2.68754 -2.4774 -1.93717 0.6574 2.26787 -2.23536 1.51226 2.63723
internal_weight=640 542 276 266 227 196 126 98 153 130 113 69 57 69 41 110 64 46 70 50 40 49 68 44 42
internal_count=640 542 276 266 227 196 126 98 153 130 113 69 57 69 41 110 64 46 70 50 40 49 68 44 42
is_linear=0
shrinkage=0.01


Tree=23
num_leaves=25
num_cat=0
split_feature=2 1 2 2 1 17 1 2 1 1 1 19 1 1 1 1 1 13 1 1 1 1 1 1
split_gain=1.06716e+07 6.21162e+06 4.5133e+06 2.4425e+06 3.2153e+06 2.3367e+06 3.39984e+06 4.94632e+06 2.03892e+06 1.90106e+06 1.82471e+06 1.45256e+06 892415 842957 1.7257e+06 785666 690763 622188 589597 696444 348915 253746 203381 574478
threshold=0.83438068243178132 -0.4718846772248021 -0.019606713425827926 0.32721687321731585 1.005768874087428 1.2045217502695373 -0.83456012327287488 0.023979175506605447 -0.37072131045028817 -0.17065583957519243 1.2421355843194215 -1.2247527411864396 0.024520003270949171 -1.0858536377962897 -1.0059180896187681 -1.0590330560214853 0.40032488128346272 -1.7736049196859172 0.12885602564348764 -0.15628118666508364 -0.66301777371994897 -0.6831521454119821 1.1372016163154144 0.67360300494119463
decision_type=2 2 2 2 2 2 2 2 2 2 2 2 2 2 2 2 2 2 2 2 2 2 2 2
left_child=1 2 21 4 8 6 7 15 -3 -10 -6 -2 -11 -9 -15 -4 -14 -12 19 -5 -8 -1 23 -13
right_child=11 3 5 18 10 -7 20 13 9 12 17 22 16 14 -16 -17 -18 -19 -20 -21 -22 -23 -24 -25
leaf_value=1.62844525245771 -4.8641107882569168 3.0514446850578385 -1.2239632392664479 3.998638735357321 5.2444503219172631 -3.6377921716983503 -3.4882153101788451 2.8185918502361451 -3.1762179572511431 1.6926439902122985 0.56215329777110712 -1.4294462088818822 -1.8648899019945848 -1.3412253336433893 2.2840392421935651 -3.7369185569694454 0.35384887485604011 2.7770821355370914 4.7466777871858952 1.5143480960906499 -1.8934677451498367 3.1149322917673845 -1.4756832449776787 -3.7586740143234665
leaf_weight=29 30 20 29 21 21 31 30 34 20 28 24 21 22 22 32 22 38 27 20 25 27 20 25 22
leaf_count=29 30 20 29 21 21 31 30 34 20 28 24 21 22 22 32 22 38 27 20 25 27 20 25 22
internal_value=0.000361133 0.549733 -0.501111 1.63964 1.08719 -1.09543 -0.690016 0.154205 0.135169 -0.409515 2.77459 -3.03292 0.225046 1.58919 0.807562 -2.31837 -0.463165 1.74105 3.3054 2.6609 -2.74209 2.24539 -2.21314 -2.63305
internal_weight=640 542 276 266 200 227 196 139 128 108 72 98 88 88 54 51 60 51 66 46 57 49 68 43
internal_count=640 542 276 266 200 227 196 139 128 108 72 98 88 88 54 51 60 51 66 46 57 49 68 43
is_linear=0
shrinkage=0.01


Tree=24
num_leaves=28
num_cat=0
split_feature=2 1 2 18 2 18 2 1 1 19 18 2 1 1 2 19 1 1 13 1 1 1 1 1 1 2 16
split_gain=1.04609e+07 6.08905e+06 4.42424e+06 3.71157e+06 2.12335e+06 6.10645e+06 1.89679e+06 1.98057e+06 1.45286e+06 1.42379e+06 1.26547e+06 1.42998e+06 1.12887e+06 1.37028e+06 557603 2.43095e+06 682727 475083 395347 346211 340274 248763 199376 563145 171400 143868 27918
threshold=0.83438068243178132 -0.4718846772248021 -0.019606713425827926 -0.62533044382633196 0.025403454657815624 1.06863735587221 0.025197574183236121 -1.0956656278004953 -1.1005827074235486 -1.2247527411864396 -0.40020914686344561 0.63216115842196563 -0.0455760201216193 0.38739251848999451 0.32721687321731585 -1.2072603365609564 -0.15628118666508364 -0.59870193302490604 0.74913412806792723 -1.0306993091052752 0.65403750514688064 -0.6831521454119821 1.1372016163154144 0.67360300494119463 -0.21662898261974095 0.0149965506987046 -1.3562426920394743
decision_type=2 2 2 2 2 2 2 2 2 2 2 2 2 2 2 2 2 2 2 2 2 2 2 2 2 2 2
left_child=1 2 21 12 6 8 7 -4 -6 -2 -5 14 24 -14 15 26 -16 18 -7 -10 -15 -1 23 -11 -3 -9 -12
right_child=9 3 4 10 5 17 -8 25 19 22 11 -13 13 20 16 -17 -18 -19 -20 -21 -22 -23 -24 -25 -26 -27 -28
leaf_value=1.6122722646634873 -4.8157919190261538 0.91428986675483148 0.8921428694396184 4.7975587998587512 -0.57922074459566941 -1.0338717917085605 -4.8489888399141332 -3.3951318601098395 1.778237841374734 -1.415286628435243 2.9069656931055654 4.6996808790452409 -2.1973294357404316 1.5652485037322093 3.9590295460539044 -1.4983552661672368 1.4993247162349641 -3.7390499485129176 -2.8227570740250516 3.4362174285404268 -0.27247576874081453 3.0840915294684987 -1.4610434889414956 -3.721425956176208 2.1782214808700107 -2.1391992278146272 2.2817567801260732
leaf_weight=29 30 24 23 23 20 26 22 20 27 21 20 20 29 20 21 22 25 20 24 25 20 20 25 22 20 20 22
leaf_count=29 30 24 23 23 20 26 22 20 27 21 20 20 29 20 21 22 25 20 24 25 20 20 25 22 20 20 22
internal_value=0.000363438 0.544286 -0.49614 1.62339 -1.08456 -0.335214 -2.33268 -1.44139 1.70721 -3.00283 2.63752 2.24857 0.248038 -0.549827 1.79518 1.18555 2.63453 -2.43489 -1.90038 2.58547 0.649577 2.22313 -2.1912 -2.60696 1.49608 -2.78096 2.59187
internal_weight=640 542 276 266 227 142 85 63 72 98 153 130 113 69 110 64 46 70 50 52 40 49 68 43 44 40 42
internal_count=640 542 276 266 227 142 85 63 72 98 153 130 113 69 110 64 46 70 50 52 40 49 68 43 44 40 42
is_linear=0
shrinkage=0.01


Tree=25
num_leaves=24
num_cat=0
split_feature=0 1 2 0 1 17 0 0 1 0 1 19 0 1 1 0 1 13 0 0 0 0 1
split_gain=1.02544e+07 5.96909e+06 4.33699e+06 2.34717e+06 3.09018e+06 2.24496e+06 3.27876e+06 4.77066e+06 2.00468e+06 1.87062e+06 1.75904e+06 1.39559e+06 870505 832504 1.70415e+06 757080 663241 602583 566619 669281 348327 243879 199247
threshold=1.1617359676572392 -0.4718846772248021 -0.019606713425827926 0.83623875180872109 1.005768874087428 1.2045217502695373 0.51245467920151089 -0.14025289573683355 -0.37072131045028817 -0.92144621377327696 1.2421355843194215 -1.2247527411864396 -1.0105296623212923 -1.0858536377962897 -1.0059180896187681 -0.25160720642185291 0.40032488128346272 -1.7736049196859172 1.055521086696144 0.93046163008066063 0.64436670878222624 -0.62678557626830267 0.9481739323077002
decision_type=2 2 2 2 2 2 2 2 2 2 2 2 2 2 2 2 2 2 2 2 2 2 2
left_child=1 2 21 4 8 6 7 15 -3 12 -6 -2 16 -9 -15 -4 -10 -12 19 -5 -8 -1 -13
right_child=11 3 5 18 10 -7 20 13 9 -11 17 22 -14 14 -16 -17 -18 -19 -20 -21 -22 -23 -24
leaf_value=3.0535559353970063 -4.7679528502912714 3.024123839293376 -3.4651698419701962 3.9198127019630289 5.1449776959419253 -3.5657850144459649 -3.4367780181430034 2.783584032114486 -1.8314131807206988 -3.1521166732523698 0.54515365387782577 -1.577481661494474 1.6712776868563171 -1.3500371883151769 2.2524609981560557 -1.0208755495623938 0.34268758993498316 2.7248077821731567 4.6531492505451242 1.4844505455380395 -1.8445185925680048 1.596260005611263 -2.6840589687705694
leaf_weight=20 30 20 26 21 21 31 30 34 22 20 24 32 28 22 32 25 38 27 20 25 27 29 36
leaf_count=20 30 20 26 21 21 31 30 34 22 20 24 32 28 22 32 25 38 27 20 25 27 29 36
internal_value=0.000364996 0.538891 -0.491235 1.60731 1.06574 -1.07383 -0.676453 0.152597 0.132433 -0.407656 2.71999 -2.97303 0.221806 1.56187 0.785192 -2.27567 -0.457902 1.70524 3.24024 2.60842 -2.69165 2.20109 -2.16948
internal_weight=640 542 276 266 200 227 196 139 128 108 72 98 88 88 54 51 60 51 66 46 57 49 68
internal_count=640 542 276 266 200 227 196 139 128 108 72 98 88 88 54 51 60 51 66 46 57 49 68
is_linear=0
shrinkage=0.01


Tree=26
num_leaves=25
num_cat=0
split_feature=2 3 2 18 17 18 2 13 19 13 3 3 2 2 3 2 3 13 2 2 2 2 2 2
split_gain=1.00517e+07 5.8513e+06 4.25141e+06 3.55895e+06 2.20054e+06 3.24646e+06 5.65204e+06 1.4305e+06 1.36802e+06 1.07747e+06 1.46631e+06 1.10435e+06 938472 936487 647613 1.44104e+06 465392 399496 239090 203995 355230 198576 549510 163891
threshold=0.83438068243178132 0.15010020488428605 -0.019606713425827926 -0.74646536080120363 1.2045217502695373 1.06863735587221 0.024587559420014848 0.044862603954883618 -1.2247527411864396 -1.7736049196859172 0.65283424789158717 0.89965597538299658 0.017180434167838699 -0.75818910151088559 -1.3616669431197852 0.042455013310553735 0.013021885570619913 0.74913412806792723 -0.10167046579067167 0.37385377000441472 0.53189801341705045 1.4880564058427266 1.0560185681312937 -0.34759127269147144
decision_type=2 2 2 2 2 2 2 2 2 2 2 2 2 2 2 2 2 2 2 2 2 2 2 2
left_child=1 2 18 7 5 6 12 13 -2 -5 19 -12 -4 -3 -8 -16 17 -7 -1 -11 -21 22 -10 -9
right_child=8 3 4 9 -6 16 14 23 21 10 11 -13 -14 -15 15 -17 -18 -19 -20 20 -22 -23 -24 -25
leaf_value=3.0233226693030635 -4.720588996836681 0.36432017705211905 -3.430782728122391 0.53974707910837227 -3.530355769059597 -0.99376074972953521 3.3821037124742008 2.1472710819055538 -1.3856413564142194 2.6188497964683033 5.3478592237178848 2.7049858078089626 -0.85237224633877107 -2.1705131434087885 -0.42988481697046532 3.3075894905316949 -3.6837671102391614 -2.7912410162303076 1.580406693367109 0.45829613109626394 2.1822345698590309 -1.4199216253795321 -3.6634310809986013 0.91096164979225347
leaf_weight=20 30 29 26 24 31 26 28 20 21 25 30 35 31 29 21 20 20 24 29 20 30 25 22 24
leaf_count=20 30 29 26 24 31 26 28 20 21 25 30 35 31 29 21 20 20 24 29 20 30 25 22 24
internal_value=0.000375397 0.533552 -0.486358 1.59138 -1.06317 -0.669751 0.289957 0.124074 -2.94349 2.5027 2.83795 3.93745 -2.03639 -0.906183 2.21207 1.40046 -2.39314 -1.86425 2.17927 1.8771 1.49725 -2.14791 -2.56261 1.48012
internal_weight=640 542 276 266 227 196 126 102 98 164 140 65 57 58 69 41 70 50 49 75 50 68 43 44
internal_count=640 542 276 266 227 196 126 102 98 164 140 65 57 58 69 41 70 50 49 75 50 68 43 44
is_linear=0
shrinkage=0.01


Tree=27
num_leaves=26
num_cat=0
split_feature=0 1 2 18 17 18 0 19 18 0 1 0 0 1 0 0 19 0 1 13 1 0 1 0 16
split_gain=9.8532e+06 5.73567e+06 4.1675e+06 3.5016e+06 2.15701e+06 3.18245e+06 5.54044e+06 1.34092e+06 1.19454e+06 1.36706e+06 1.08889e+06 1.30059e+06 919946 634790 1.41265e+06 542391 2.37552e+06 654789 456240 391614 345272 234395 195710 160665 26359.6
threshold=1.1617359676572392 -0.4718846772248021 -0.019606713425827926 -0.62533044382633196 1.2045217502695373 1.06863735587221 -0.1162688903585217 -1.2247527411864396 -0.40020914686344561 1.055521086696144 -0.0455760201216193 -1.1492942648672393 -0.25160720642185291 -1.0858536377962897 0.32058263617501587 0.83623875180872109 -1.2072603365609564 0.93046163008066063 -0.59870193302490604 0.74913412806792723 0.65403750514688064 -0.62678557626830267 0.9481739323077002 -0.89746220839496516 -1.3562426920394743
decision_type=2 2 2 2 2 2 2 2 2 2 2 2 2 2 2 2 2 2 2 2 2 2 2 2 2
left_child=1 2 21 10 5 6 12 -2 -5 15 23 20 -4 -8 -15 16 24 -17 19 -7 -12 -1 -9 -3 -10
right_child=7 3 4 8 -6 18 13 22 9 -11 11 -13 -14 14 -16 17 -18 -19 -20 -21 -22 -23 -24 -25 -26
leaf_value=2.9933888909368234 -4.6736957292367292 2.1260109431200687 -3.3967367850733168 4.6592263089788375 -3.4952783750876404 -0.98389897433856066 3.3485225726188497 -1.5402531281465326 2.8351780723345161 4.5792037200927735 1.5470562530744196 -2.1489566680176617 -0.8439030896089017 -0.4256263628995644 3.2748410472303333 3.8642151483499778 -1.5145602575937909 1.4555997388325042 -3.6472941702663308 -2.7635593597159898 -0.30391610702665728 1.5647108807629102 -2.636428613926165 0.90192729555870887 2.2268649171708939
leaf_weight=20 30 20 26 23 31 26 28 32 20 20 20 29 31 21 20 21 22 25 20 24 20 29 36 24 22
leaf_count=20 30 20 26 23 31 26 28 32 20 20 20 29 31 21 20 21 22 25 20 24 20 29 36 24 22
internal_value=0.000370109 0.528256 -0.481527 1.57558 -1.05262 -0.663109 0.287088 -2.91428 2.5606 2.18271 0.239699 -0.543903 -2.01618 2.19013 1.38659 1.73946 1.13838 2.56717 -2.36942 -1.84576 0.624638 2.15766 -2.12663 1.46545 2.52863
internal_weight=640 542 276 266 227 196 126 98 153 130 113 69 57 69 41 110 64 46 70 50 40 49 68 44 42
internal_count=640 542 276 266 227 196 126 98 153 130 113 69 57 69 41 110 64 46 70 50 40 49 68 44 42
is_linear=0
shrinkage=0.01


Tree=28
num_leaves=27
num_cat=0
split_feature=0 1 2 18 17 18 0 19 18 0 1 0 0 1 0 0 19 0 1 13 1 0 0 0 0 19
split_gain=9.65847e+06 5.62254e+06 4.08524e+06 3.43251e+06 2.11434e+06 3.11969e+06 5.43104e+06 1.31443e+06 1.17096e+06 1.34014e+06 1.0674e+06 1.27491e+06 901785 622220 1.38481e+06 531687 2.32869e+06 641893 447267 383888 338469 229793 197747 536196 157503 25842.3
threshold=1.1617359676572392 -0.4718846772248021 -0.019606713425827926 -0.62533044382633196 1.2045217502695373 1.06863735587221 -0.1162688903585217 -1.2247527411864396 -0.40020914686344561 1.055521086696144 -0.0455760201216193 -1.1492942648672393 -0.25160720642185291 -1.0858536377962897 0.32058263617501587 0.83623875180872109 -1.2072603365609564 0.93046163008066063 -0.59870193302490604 0.74913412806792723 0.65403750514688064 -0.62678557626830267 1.4152811673708221 1.2593851324117946 -0.89746220839496516 -1.2298093855812329
decision_type=2 2 2 2 2 2 2 2 2 2 2 2 2 2 2 2 2 2 2 2 2 2 2 2 2 2
left_child=1 2 21 10 5 6 12 -2 -5 15 24 20 -4 -8 -15 16 25 -17 19 -7 -12 -1 23 -9 -3 -10
right_child=7 3 4 8 -6 18 13 22 9 -11 11 -13 -14 14 -16 17 -18 -19 -20 -21 -22 -23 -24 -25 -26 -27
leaf_value=2.9637512312785232 -4.6272682664883851 2.1049613227466546 -3.3630287310185323 4.6130354023801869 -3.4605497829119365 -0.97413514712384641 3.3152748427154326 -1.3566584274004092 2.8071069086660252 4.5338652088618518 1.5317388394799565 -2.1276142624632954 -0.83551823799426739 -0.42141028863079144 3.2424171780123565 3.8259376986521598 -1.499551032454044 1.4411592416914685 -3.6111823877013558 -2.7361520398352757 -0.30090710026202816 1.5491709700675858 -1.3796800331085448 -3.6064314878309096 0.89298267262041087 2.2047966958810616
leaf_weight=20 30 20 26 23 31 26 28 21 20 20 20 29 31 21 20 21 22 25 20 24 20 29 25 22 24 22
leaf_count=20 30 20 26 23 31 26 28 21 20 20 20 29 31 21 20 21 22 25 20 24 20 29 25 22 24 22
internal_value=0.000388252 0.523032 -0.476743 1.55998 -1.04217 -0.656534 0.284248 -2.88532 2.53523 2.16109 0.23734 -0.53849 -1.99616 2.16841 1.37286 1.72222 1.1271 2.54173 -2.34594 -1.82745 0.618453 2.13627 -2.10548 -2.5191 1.45094 2.50358
internal_weight=640 542 276 266 227 196 126 98 153 130 113 69 57 69 41 110 64 46 70 50 40 49 68 43 44 42
internal_count=640 542 276 266 227 196 126 98 153 130 113 69 57 69 41 110 64 46 70 50 40 49 68 43 44 42
is_linear=0
shrinkage=0.01


Tree=29
num_leaves=26
num_cat=0
split_feature=2 1 2 18 2 18 2 1 1 1 19 13 1 1 1 1 13 1 1 1 1 1 1 1 2
split_gain=9.46785e+06 5.51165e+06 4.00461e+06 3.36861e+06 1.95815e+06 5.59847e+06 1.77089e+06 1.81798e+06 1.37492e+06 1.35454e+06 1.2884e+06 1.02948e+06 1.42081e+06 1.08528e+06 873362 438470 376314 317704 225280 214009 343727 193854 525618 154404 125025
threshold=0.83438068243178132 -0.4718846772248021 -0.019606713425827926 -0.74646536080120363 0.025403454657815624 1.06863735587221 0.025197574183236121 -1.0956656278004953 -1.1005827074235486 -0.0455760201216193 -1.2247527411864396 -1.7736049196859172 0.34275581055150722 1.175118673138319 0.38739251848999451 -0.59870193302490604 0.74913412806792723 -1.0306993091052752 -0.6831521454119821 -0.26149566004879543 -0.010550614397142296 1.1372016163154144 0.67360300494119463 -0.21662898261974095 0.0149965506987046
decision_type=2 2 2 2 2 2 2 2 2 2 2 2 2 2 2 2 2 2 2 2 2 2 2 2 2
left_child=1 2 18 9 6 8 7 -4 -6 23 -2 -5 19 -14 -11 16 -7 -10 -1 -13 -21 22 -12 -3 -9
right_child=10 3 4 11 5 15 -8 24 17 14 21 12 13 -15 -16 -17 -18 -19 -20 20 -22 -23 -24 -25 -26
leaf_value=1.5337854602238903 -4.5813021749534348 0.88412645883796626 0.86631198721713032 0.51255667008644301 -0.58074168564069395 -0.96446801192887877 -4.6616818910890876 -3.2263115714800241 1.7241550508316825 -2.1064837411331805 -1.3432196376008809 2.571798439286058 5.2388132399754808 2.6199798189509993 0.3414784256399494 -3.5754279289623301 -2.7090168245173682 3.3129180811321923 2.9344072579865408 0.40372105135776032 2.0988468588266942 -1.3659927180456737 -3.5706922068896594 2.0841202416750462 -2.0528350293754349
leaf_weight=29 30 24 23 24 20 26 22 20 27 29 21 25 30 35 29 20 24 25 20 20 30 25 22 20 20
leaf_count=29 30 24 23 24 20 26 22 20 27 29 21 25 30 35 29 20 24 25 20 20 30 25 22 20 20
internal_value=0.000399108 0.51786 -0.472007 1.54453 -1.03183 -0.312239 -2.23041 -1.36931 1.64337 0.117005 -2.85669 2.43114 2.75884 3.84105 -0.885518 -2.32269 -1.80933 2.49777 2.11509 1.81319 1.42513 -2.08461 -2.49413 1.43656 -2.65273
internal_weight=640 542 276 266 227 142 85 63 72 102 98 164 140 65 58 70 50 52 49 75 50 68 43 44 40
internal_count=640 542 276 266 227 142 85 63 72 102 98 164 140 65 58 70 50 52 49 75 50 68 43 44 40
is_linear=0
shrinkage=0.01


Tree=30
num_leaves=25
num_cat=0
split_feature=0 1 2 18 17 0 0 19 18 0 19 1 0 1 1 0 0 0 0 1 0 1 0 16
split_gain=9.28082e+06 5.40286e+06 3.92564e+06 3.31767e+06 2.0306e+06 3.0121e+06 4.359e+06 1.26288e+06 1.12473e+06 1.30729e+06 2.28286e+06 1.03225e+06 1.21527e+06 767928 1.65244e+06 691603 520735 627851 366279 341686 220857 192680 151365 24860
threshold=1.1617359676572392 -0.4718846772248021 -0.019606713425827926 -0.62533044382633196 1.2045217502695373 0.51245467920151089 -0.14025289573683355 -1.2247527411864396 -0.40020914686344561 0.83623875180872109 -1.2072603365609564 -0.0455760201216193 -1.1492942648672393 -1.0858536377962897 -1.0059180896187681 -0.25674663614577686 1.055521086696144 0.93046163008066063 0.64436670878222624 0.65403750514688064 -0.62678557626830267 0.9481739323077002 -0.89746220839496516 -1.3562426920394743
decision_type=2 2 2 2 2 2 2 2 2 2 2 2 2 2 2 2 2 2 2 2 2 2 2 2
left_child=1 2 20 11 5 6 15 -2 -5 10 23 22 19 -8 -15 -4 17 -11 -7 -13 -1 -9 -3 -10
right_child=7 3 4 8 -6 18 13 21 9 16 -12 12 -14 14 -16 -17 -18 -19 -20 -21 -22 -23 -24 -25
leaf_value=2.9053536247026801 -4.5357925435249378 2.0634854224176689 -3.5011298507827893 4.524396810202763 -3.3916200564152157 -3.3379328867931242 2.6713883445695128 -1.4828202071101027 2.7585897494778773 3.7717677307128907 -1.5027779840778661 1.5131920825844947 -2.0855633194805825 -1.3503852940464878 2.1969652609499342 -1.1434670707624255 4.4619769088820656 1.4134395563034787 -1.7093826779197243 -0.32797747621441831 1.5185527456623233 -2.5694391757480344 0.87535835352810953 2.1674260794149864
leaf_weight=20 30 20 22 23 31 30 34 32 20 21 22 20 29 22 32 29 20 25 27 20 29 36 24 22
leaf_count=20 30 20 22 23 31 30 34 32 20 21 22 20 29 22 32 29 20 25 27 20 29 36 24 22
internal_value=0.000383875 0.512708 -0.467341 1.52919 -1.02162 -0.64369 0.150926 -2.82834 2.48799 2.1213 1.0978 0.228878 -0.534062 1.49802 0.75208 -2.17022 3.10746 2.50176 -2.57521 0.595531 2.09412 -2.06395 1.42233 2.4607
internal_weight=640 542 276 266 227 196 139 98 153 130 64 113 69 88 54 51 66 46 57 40 49 68 44 42
internal_count=640 542 276 266 227 196 139 98 153 130 64 113 69 88 54 51 66 46 57 40 49 68 44 42
is_linear=0
shrinkage=0.01


Tree=31
num_leaves=27
num_cat=0
split_feature=0 1 0 18 0 18 0 0 1 19 18 0 19 1 0 0 0 1 13 1 0 0 0 0 0 16
split_gain=9.09739e+06 5.29633e+06 3.79473e+06 3.25221e+06 1.97548e+06 5.42569e+06 1.65002e+06 1.85994e+06 1.34028e+06 1.23793e+06 1.10252e+06 1.28152e+06 2.23785e+06 1.01188e+06 1.19127e+06 510486 615485 429858 380128 334954 307212 255176 193047 512845 148386 24372.2
threshold=1.1617359676572392 -0.4718846772248021 -0.43320039000049987 -0.62533044382633196 0.0053642797743455959 1.06863735587221 -0.073440309325821934 -0.25160720642185291 -1.1005827074235486 -1.2247527411864396 -0.40020914686344561 0.83623875180872109 -1.2072603365609564 -0.0455760201216193 -1.1492942648672393 1.055521086696144 0.93046163008066063 -0.59870193302490604 0.74913412806792723 0.65403750514688064 0.30345120376193596 -0.62678557626830267 1.4152811673708221 1.2593851324117946 -0.89746220839496516 -1.3562426920394743
decision_type=2 2 2 2 2 2 2 2 2 2 2 2 2 2 2 2 2 2 2 2 2 2 2 2 2 2
left_child=1 2 21 13 6 8 7 -4 -6 -2 -5 12 25 24 19 16 -13 18 -7 -15 -10 -1 23 -11 -3 -12
right_child=9 3 4 10 5 17 -8 -9 20 22 11 15 -14 14 -16 -17 -18 -19 -20 -21 -22 -23 -24 -25 -26 -27
leaf_value=2.876587823546759 -4.4907349309858109 2.0430547347871384 -3.5452002999802268 4.4795428918970046 -0.57442748801542987 -0.92612355661756218 -4.5818746147499425 0.020136766895171136 1.7041803934644251 -1.3152257840138564 2.731277098702912 3.7344060710691056 -1.4878855271087037 1.4982100318682079 -2.0648505532251646 4.417798813923751 1.3994172862219432 -3.5231032184563063 -2.6787800333322571 -0.32473012263231937 3.2667025272429937 1.4116237189219547 -1.3269507417224702 -3.5152280253440411 0.86667719651844877 2.145946924707911
leaf_weight=20 30 20 24 23 20 26 22 37 27 21 20 21 22 20 29 20 25 20 24 20 25 31 25 22 24 22
leaf_count=20 30 20 24 23 20 26 22 37 27 21 20 21 22 20 29 20 25 20 24 20 25 31 25 22 24 22
internal_value=0.000398468 0.507634 -0.462705 1.51405 -1.0211 -0.303709 -2.24474 -1.3896 1.62148 -2.80024 2.46334 2.10029 1.08693 0.226625 -0.528748 3.07668 2.47696 -2.2829 -1.77474 0.589634 2.46505 1.99513 -2.04343 -2.45189 1.40824 2.43632
internal_weight=640 542 276 266 225 142 83 61 72 98 153 130 64 113 69 66 46 70 50 40 52 51 68 43 44 42
internal_count=640 542 276 266 225 142 83 61 72 98 153 130 64 113 69 66 46 70 50 40 52 51 68 43 44 42
is_linear=0
shrinkage=0.01


Tree=32
num_leaves=23
num_cat=0
split_feature=2 1 2 18 17 1 2 1 19 13 1 1 1 1 1 1 1 1 1 1 1 1
split_gain=8.91779e+06 5.19196e+06 3.77391e+06 3.18866e+06 1.9498e+06 2.90449e+06 4.21236e+06 1.28271e+06 1.21341e+06 983655 1.37711e+06 1.06669e+06 814318 760769 1.63153e+06 662901 365138 223817 332650 211968 189299 145465
threshold=0.83438068243178132 -0.4718846772248021 -0.019606713425827926 -0.74646536080120363 1.2045217502695373 -0.83456012327287488 0.023979175506605447 -0.0455760201216193 -1.2247527411864396 -1.7736049196859172 0.34275581055150722 1.175118673138319 0.38739251848999451 -1.0858536377962897 -1.0059180896187681 -1.0590330560214853 -0.66301777371994897 -0.26149566004879543 -0.010550614397142296 -0.6831521454119821 0.9481739323077002 -0.21662898261974095
decision_type=2 2 2 2 2 2 2 2 2 2 2 2 2 2 2 2 2 2 2 2 2 2
left_child=1 2 19 7 5 6 15 21 -2 -5 17 -12 -9 -8 -15 -4 -7 -11 -19 -1 -10 -3
right_child=8 3 4 9 -6 16 13 12 20 10 11 -13 -14 14 -16 -17 -18 18 -20 -21 -22 -23
leaf_value=1.4894516848211419 -4.4461250123282934 0.85808199925856155 -1.1274267435972005 0.48641113048742635 -3.3239561649163565 -3.2891909057415085 2.6411261927732945 -2.0443434605533128 -1.4474981149235127 2.525968800612858 5.1326668266902695 2.5374413756890726 0.31947279381425414 -1.3581143127475774 2.1666712430397173 -3.4357669153299417 -1.6641260436001946 0.35096291948072983 2.017912559130334 2.8481067045608373 -2.5240410324025548 2.022826479165861
leaf_weight=29 30 24 29 24 31 30 34 29 32 25 30 35 29 22 32 22 27 20 30 20 36 20
leaf_count=29 30 24 29 24 31 30 34 29 32 25 30 35 29 22 32 22 27 20 30 20 36 20
internal_value=0.000401481 0.502606 -0.458125 1.49905 -1.00158 -0.631251 0.14904 0.11019 -2.77245 2.36167 2.68198 3.74732 -0.865382 1.47328 0.730917 -2.13273 -2.52795 1.75115 1.35521 2.05335 -2.02318 1.39429
internal_weight=640 542 276 266 227 196 139 102 98 164 140 65 58 88 54 51 57 75 50 49 68 44
internal_count=640 542 276 266 227 196 139 102 98 164 140 65 58 88 54 51 57 75 50 49 68 44
is_linear=0
shrinkage=0.01


Tree=33
num_leaves=25
num_cat=0
split_feature=0 1 2 0 1 1 17 0 0 0 1 19 0 1 1 0 1 13 0 0 0 0 0 0
split_gain=8.74144e+06 5.0894e+06 3.69944e+06 2.09903e+06 2.6999e+06 1.95453e+06 1.91121e+06 2.84703e+06 4.12913e+06 1.88437e+06 1.53961e+06 1.18944e+06 842422 745728 1.5993e+06 649841 537340 529878 494221 601881 357913 207806 192215 500374
threshold=1.1617359676572392 -0.4718846772248021 -0.019606713425827926 0.83623875180872109 1.005768874087428 -0.37072131045028817 1.2045217502695373 0.51245467920151089 -0.14025289573683355 -0.92144621377327696 1.2421355843194215 -1.2247527411864396 -1.0105296623212923 -1.0858536377962897 -1.0059180896187681 -0.25674663614577686 0.40032488128346272 -1.7736049196859172 1.055521086696144 0.93046163008066063 0.64436670878222624 -0.62678557626830267 1.4152811673708221 1.2593851324117946
decision_type=2 2 2 2 2 2 2 2 2 2 2 2 2 2 2 2 2 2 2 2 2 2 2 2
left_child=1 2 21 4 5 -3 7 8 15 12 -6 -2 16 -10 -15 -4 -7 -12 19 -5 -9 -1 23 -13
right_child=11 3 6 18 10 9 -8 20 13 -11 17 22 -14 14 -16 -17 -18 -19 -20 -21 -22 -23 -24 -25
leaf_value=2.819907722095452 -4.4019582503362997 2.9550633980023981 -3.4017188572239228 3.6816263731470649 4.7869137450883974 -1.7065035392142633 -3.2909296406079562 -3.2565168659892305 2.6148694535863326 -3.1880226131240921 0.48158728540436302 -1.2878593473614388 1.6242480022349255 -1.3446554121240839 2.1451391819545198 -1.1162296811787233 0.25058013965946219 2.5251652487586527 4.3479112296529339 1.3727916196792844 -1.647607121187098 1.4746589341882157 -1.2887463574939304 -3.4607138359439267
leaf_weight=20 30 20 22 21 21 22 31 30 34 20 24 21 28 22 32 29 38 27 20 25 27 29 25 22
leaf_count=20 30 20 22 21 21 22 31 30 34 20 24 21 28 22 32 29 38 27 20 25 27 29 25 22
internal_value=0.000399799 0.497613 -0.453581 1.48417 0.972079 0.0997332 -0.991651 -0.625001 0.147533 -0.433507 2.51833 -2.7449 0.198317 1.45862 0.723637 -2.11158 -0.470286 1.56914 3.02832 2.43822 -2.50284 2.03299 -2.00306 -2.41045
internal_weight=640 542 276 266 200 128 227 196 139 108 72 98 88 88 54 51 60 51 66 46 57 49 68 43
internal_count=640 542 276 266 200 128 227 196 139 108 72 98 88 88 54 51 60 51 66 46 57 49 68 43
is_linear=0
shrinkage=0.01


Tree=34
num_leaves=27
num_cat=0
split_feature=0 1 0 18 0 18 1 19 18 0 19 1 0 0 0 0 0 1 13 1 0 0 0 0 0 16
split_gain=8.56886e+06 4.98898e+06 3.58266e+06 3.06759e+06 1.90304e+06 4.81276e+06 1.7158e+06 1.16588e+06 1.04005e+06 1.23772e+06 2.18788e+06 976356 1.13105e+06 722844 1.31314e+06 484494 590026 421588 394876 339453 292971 238861 188429 490502 138780 22998.6
threshold=1.1617359676572392 -0.4718846772248021 -0.43320039000049987 -0.62533044382633196 -0.010054009397426315 1.06863735587221 -1.1005827074235486 -1.2247527411864396 -0.40020914686344561 0.83623875180872109 -1.2072603365609564 -0.0455760201216193 -1.1492942648672393 -0.099137457945441793 -0.25160720642185291 1.055521086696144 0.93046163008066063 -0.59870193302490604 0.74913412806792723 0.65403750514688064 0.30345120376193596 -0.62678557626830267 1.4152811673708221 1.2593851324117946 -0.89746220839496516 -1.3562426920394743
decision_type=2 2 2 2 2 2 2 2 2 2 2 2 2 2 2 2 2 2 2 2 2 2 2 2 2 2
left_child=1 2 21 11 13 6 -6 -2 -5 10 25 24 19 14 -4 16 -11 18 -7 -13 -8 -1 23 -9 -3 -10
right_child=7 3 4 8 5 17 20 22 9 15 -12 12 -14 -15 -16 -17 -18 -19 -20 -21 -22 -23 -24 -25 -26 -27
leaf_value=2.7919877488542313 -4.3582302871603051 1.9938637074385539 -3.4498245895007429 4.3496524639787344 -0.71444129922007793 -0.86061594810194653 1.6819066709981243 -1.2751023411300948 2.6642450117356709 3.6451573994474593 -1.5027041208207073 1.4816075204150514 -2.0196391636051545 -3.8963774295844655 -0.38032176796930378 4.3048626920492339 1.3591726357596261 -3.4554315691655222 -2.6456229369108342 -0.35336943069306936 3.208220305669875 1.3744299688094699 -1.2759613207029918 -3.4264184036340799 0.855804206280669 2.0947995273486986
leaf_weight=20 30 20 24 23 26 26 27 21 20 21 22 20 29 20 33 20 25 20 24 20 25 31 25 22 24 22
leaf_count=20 30 20 24 23 26 26 27 21 20 21 22 20 29 20 33 20 25 20 24 20 25 31 25 22 24 22
internal_value=0.000401063 0.492682 -0.449081 1.46946 -0.991645 -0.327235 1.3795 -2.71766 2.39142 2.0388 1.04303 0.219112 -0.522877 -2.26452 -1.6803 2.99832 2.41406 -2.22755 -1.72457 0.566901 2.42521 1.93909 -1.98321 -2.38657 1.37981 2.37733
internal_weight=640 542 276 266 225 148 78 98 153 130 64 113 69 77 57 66 46 70 50 40 52 51 68 43 44 42
internal_count=640 542 276 266 225 148 78 98 153 130 64 113 69 77 57 66 46 70 50 40 52 51 68 43 44 42
is_linear=0
shrinkage=0.01


Tree=35
num_leaves=24
num_cat=0
split_feature=0 3 0 0 3 3 0 0 0 3 19 3 0 0 0 3 13 0 0 13 0 0 3
split_gain=8.3997e+06 4.89066e+06 3.51199e+06 2.0171e+06 2.595e+06 1.92181e+06 1.86548e+06 4.23577e+06 1.85375e+06 1.48449e+06 1.14279e+06 1.08401e+06 821821 708622 1.28723e+06 515731 513027 474959 578405 379115 356794 234171 186444
threshold=1.1617359676572392 0.15010020488428605 -0.43320039000049987 0.83623875180872109 0.86052286019080271 0.2416098196067106 -0.010054009397426315 0.51245467920151089 -0.92144621377327696 0.91396867647762325 -1.2247527411864396 -1.5275509789475599 -1.0105296623212923 -0.099137457945441793 -0.25160720642185291 0.67537090252851317 -1.7736049196859172 1.055521086696144 0.93046163008066063 1.0457543895827897 0.64436670878222624 -0.62678557626830267 0.84616109593159383
decision_type=2 2 2 2 2 2 2 2 2 2 2 2 2 2 2 2 2 2 2 2 2 2 2
left_child=1 2 21 4 5 -3 13 11 12 -6 -2 -8 15 14 -4 -7 -11 18 -5 -13 -9 -1 -12
right_child=10 3 6 17 9 8 7 20 -10 16 22 19 -14 -15 -16 -17 -18 -19 -20 -21 -22 -23 -24
leaf_value=2.7643442316338565 -4.3149364188491113 2.9290078476631995 -3.4156114477362514 3.6090498071346646 4.6964100083764997 -1.6758865555771838 -0.70735142154548014 -3.2091165019660592 -3.1631188022736274 0.46675232753280776 -1.3928704582830391 1.1291665872465375 1.603979039834746 -3.8577994877277035 -0.37654141324830342 0.24145457642240672 2.4774874762226555 4.2622400446221373 1.3456887405637712 2.7327118965675088 -1.603629774346071 1.360773576956529 -2.4603002933902633
leaf_weight=20 30 20 24 21 21 22 26 30 20 24 32 42 28 20 33 38 27 20 25 23 27 31 36
leaf_count=20 30 20 24 21 21 22 26 30 20 24 32 42 28 20 33 38 27 20 25 23 27 31 36
internal_value=0.000403856 0.487801 -0.444636 1.4549 0.952907 0.0976759 -0.981823 -0.324001 -0.43108 2.46882 -2.6907 1.01444 0.195591 -2.24208 -1.66364 -0.464786 1.5368 2.96862 2.39013 1.70323 -2.45691 1.91986 -1.96355
internal_weight=640 542 276 266 200 128 225 148 108 72 98 91 88 77 57 60 51 66 46 65 57 51 68
internal_count=640 542 276 266 200 128 225 148 108 72 98 91 88 77 57 60 51 66 46 65 57 51 68
is_linear=0
shrinkage=0.01


Tree=36
num_leaves=25
num_cat=0
split_feature=0 1 2 0 1 1 0 0 0 1 19 1 0 0 0 1 13 0 0 13 0 0 0 0
split_gain=8.23364e+06 4.79417e+06 3.48768e+06 1.97736e+06 2.54382e+06 1.88396e+06 1.8172e+06 1.74669e+06 4.15206e+06 1.45526e+06 1.12021e+06 1.06259e+06 805594 740554 1.09702e+06 505555 502890 465611 567013 371656 349735 195268 187620 478539
threshold=1.1617359676572392 -0.4718846772248021 -0.019606713425827926 0.83623875180872109 1.005768874087428 -0.37072131045028817 -0.92144621377327696 -0.010054009397426315 0.51245467920151089 1.2421355843194215 -1.2247527411864396 -1.1005827074235486 -1.0105296623212923 -0.099137457945441793 -0.25160720642185291 0.40032488128346272 -1.7736049196859172 1.055521086696144 0.93046163008066063 1.0457543895827897 0.64436670878222624 -0.62678557626830267 1.4152811673708221 1.2593851324117946
decision_type=2 2 2 2 2 2 2 2 2 2 2 2 2 2 2 2 2 2 2 2 2 2 2 2
left_child=1 2 21 4 5 -3 12 13 11 -6 -2 -9 15 14 -4 -7 -11 18 -5 -13 -10 -1 23 -12
right_child=10 3 7 17 9 6 -8 8 20 16 22 19 -14 -15 -16 -17 -18 -19 -20 -21 -22 -23 -24 -25
leaf_value=2.7369746474464343 -4.2720727700745034 2.9000075715131102 -3.1161425096934079 3.5732997959064989 4.6498889556021066 -1.6592786008817657 -3.1318007093372913 -0.70033176123640928 -3.1772379371188335 0.4621232580153411 -1.248674320005021 1.1179285611925531 1.5880529966422006 -3.8196032525997352 -0.37279879526919629 0.23905268324607329 2.4528947435407078 4.2200396501899942 1.3323387291317894 2.705620298056767 -1.5877113455884597 1.4328487756807511 -1.2388950947352819 -3.3733706596305781
leaf_weight=20 30 20 26 21 21 22 20 26 30 24 21 42 28 20 33 38 27 20 25 23 27 29 25 22
leaf_count=20 30 20 26 21 21 22 20 26 30 24 21 42 28 20 33 38 27 20 25 23 27 29 25 22
internal_value=0.000410595 0.482966 -0.440227 1.44048 0.943454 0.0966981 -0.426825 -0.962671 -0.320783 2.44435 -2.66396 1.00437 0.193639 -2.16134 -1.58819 -0.460186 1.52155 2.93921 2.36645 1.68632 -2.43251 1.97413 -1.94403 -2.34634
internal_weight=640 542 276 266 200 128 108 227 148 72 98 91 88 79 59 60 51 66 46 65 57 49 68 43
internal_count=640 542 276 266 200 128 108 227 148 72 98 91 88 79 59 60 51 66 46 65 57 49 68 43
is_linear=0
shrinkage=0.01


Tree=37
num_leaves=26
num_cat=0
split_feature=0 1 2 18 17 18 0 1 19 13 1 1 0 0 1 0 1 13 0 0 0 0 0 0 0
split_gain=8.07108e+06 4.69958e+06 3.41886e+06 2.86636e+06 1.80677e+06 2.70601e+06 4.73347e+06 1.2262e+06 1.09802e+06 892822 1.33405e+06 1.07765e+06 770220 738367 628656 1.27208e+06 416176 404358 228979 317988 191434 183925 469098 128749 7247.16
threshold=1.1617359676572392 -0.4718846772248021 -0.019606713425827926 -0.74646536080120363 1.2045217502695373 1.06863735587221 -0.1162688903585217 -0.0455760201216193 -1.2247527411864396 -1.7736049196859172 0.34275581055150722 1.0764127231555725 -1.1492942648672393 -0.25674663614577686 -1.0858536377962897 0.32058263617501587 -0.59870193302490604 0.74913412806792723 0.87735418960011291 0.99384793000905625 -0.62678557626830267 1.4152811673708221 1.2593851324117946 -0.89746220839496516 -1.4936360563701456
decision_type=2 2 2 2 2 2 2 2 2 2 2 2 2 2 2 2 2 2 2 2 2 2 2 2 2
left_child=1 2 20 7 5 6 13 23 -2 -5 18 -12 -9 -4 -8 -16 17 -7 -11 -20 -1 22 -10 -3 -13
right_child=8 3 4 9 -6 16 14 12 21 10 11 24 -14 -15 15 -17 -18 -19 19 -21 -22 -23 -24 -25 -26
leaf_value=2.7098760049649986 -4.2296349880395345 1.9566078518404819 -3.2777408163397159 0.45754039303330357 -3.188675999152355 -0.79723582464320064 3.1906142669028426 0.30788820292851699 -1.2363052217015682 2.4160021919674346 5.2814215417341757 2.3495796460444387 -1.9910465783942235 -0.93809192479334091 -0.47906174632738224 3.0319415509818803 -3.3896218924947306 -2.602427675861958 0.25338292943369045 1.8820058362847132 1.4186183277548177 -1.226604524784618 -3.3399406907365132 0.85964690255724707 2.7964931116464005
leaf_weight=20 30 20 22 24 31 26 28 29 21 25 24 20 29 35 21 20 20 24 20 30 29 25 22 24 21
leaf_count=20 30 20 22 24 31 26 28 29 21 25 24 20 29 35 21 20 20 24 20 30 29 25 22 24 21
internal_value=0.000411859 0.47818 -0.43586 1.4262 -0.953123 -0.596646 0.279523 0.10939 -2.63752 2.24406 2.54922 3.59754 -0.844454 -1.84943 2.0385 1.24 -2.17007 -1.67066 1.63351 1.23418 1.95456 -1.92476 -2.32309 1.36489 2.59097
internal_weight=640 542 276 266 227 196 126 102 98 164 140 65 58 57 69 41 70 50 75 50 49 68 43 44 41
internal_count=640 542 276 266 227 196 126 102 98 164 140 65 58 57 69 41 70 50 75 50 49 68 43 44 41
is_linear=0
shrinkage=0.01


Tree=38
num_leaves=24
num_cat=0
split_feature=0 1 0 0 1 1 0 0 0 19 19 1 0 0 0 1 0 0 1 13 0 0 1
split_gain=7.91175e+06 4.60684e+06 3.31557e+06 1.93133e+06 2.46667e+06 1.8368e+06 1.78834e+06 1.77215e+06 4.01096e+06 1.41301e+06 1.07628e+06 1.03033e+06 791957 678607 1.22109e+06 476968 450324 554339 384916 360960 348655 219214 183664
threshold=1.1617359676572392 -0.4718846772248021 -0.43320039000049987 0.83623875180872109 1.005768874087428 -0.37072131045028817 -0.92144621377327696 -0.010054009397426315 0.51245467920151089 -1.2220097949667441 -1.2247527411864396 -1.1005827074235486 -1.0105296623212923 -0.099137457945441793 -0.25160720642185291 0.40032488128346272 1.055521086696144 0.93046163008066063 1.2421355843194215 1.0457543895827897 0.64436670878222624 -0.62678557626830267 0.9481739323077002
decision_type=2 2 2 2 2 2 2 2 2 2 2 2 2 2 2 2 2 2 2 2 2 2 2
left_child=1 2 21 4 5 -3 12 13 11 -6 -2 -9 15 14 -4 -7 17 -5 -11 -13 -10 -1 -12
right_child=10 3 7 16 9 6 -8 8 20 18 22 19 -14 -15 -16 -17 -18 -19 -20 -21 -22 -23 -24
leaf_value=2.6830454035088565 -4.1876187073158109 2.8550785906952205 -3.3221943005648527 3.5231526097711527 0.78028599127745024 -1.627246220219243 -3.1132447870178979 -0.68852199430684091 -3.1311811581036904 4.5679227236981665 -1.3398883862228865 1.1014714300688973 1.5682564736765325 -3.7628467561702919 -0.36225596117686076 0.21668635622993188 4.152891840037733 1.3075594002859934 2.5746793930601366 2.6661472873030041 -1.5449757556354298 1.324847883566832 -2.3984067544653924
leaf_weight=20 30 20 24 21 31 22 20 26 30 21 32 42 28 20 33 38 20 25 20 23 27 31 36
leaf_count=20 30 20 24 21 31 22 20 26 30 21 32 42 28 20 33 38 20 25 20 23 27 31 36
internal_value=0.00041465 0.473444 -0.431533 1.41206 0.920873 0.0870704 -0.429844 -0.953482 -0.312332 2.39883 -2.61135 0.990103 0.185685 -2.18181 -1.61582 -0.462566 2.89323 2.32992 3.61285 1.66162 -2.38787 1.86589 -1.90569
internal_weight=640 542 276 266 200 128 108 225 148 72 98 91 88 77 57 60 66 46 41 65 57 51 68
internal_count=640 542 276 266 200 128 108 225 148 72 98 91 88 77 57 60 66 46 41 65 57 51 68
is_linear=0
shrinkage=0.01


Tree=39
num_leaves=26
num_cat=0
split_feature=0 1 2 18 0 18 1 19 13 1 1 1 0 0 0 1 13 1 0 0 0 0 0 0 0
split_gain=7.75535e+06 4.51597e+06 3.28658e+06 2.75577e+06 1.65698e+06 4.42446e+06 1.57921e+06 1.05501e+06 955376 1.84169e+06 1.38177e+06 938347 1.06548e+06 710092 1.03776e+06 409472 404869 347004 298712 225281 309780 183747 183139 457622 122705
threshold=1.1617359676572392 -0.4718846772248021 -0.019606713425827926 -0.62533044382633196 -0.010054009397426315 1.06863735587221 -1.1005827074235486 -1.2247527411864396 -1.7736049196859172 0.34275581055150722 1.2421355843194215 -0.0455760201216193 -1.1492942648672393 -0.099137457945441793 -0.25160720642185291 -0.59870193302490604 0.74913412806792723 0.65403750514688064 0.30345120376193596 0.87735418960011291 0.99384793000905625 -0.62678557626830267 1.4152811673708221 1.2593851324117946 -0.89746220839496516
decision_type=2 2 2 2 2 2 2 2 2 2 2 2 2 2 2 2 2 2 2 2 2 2 2 2 2
left_child=1 2 21 11 13 6 -6 -2 -5 19 -11 24 17 14 -4 16 -7 -13 -8 -10 -21 -1 23 -9 -3
right_child=7 3 4 8 5 15 18 22 9 10 -12 12 -14 -15 -16 -17 -18 -19 -20 20 -22 -23 -24 -25 -26
leaf_value=2.6564807582137608 -4.1460199540498239 1.9286609339950109 -3.0268427384354686 0.43562500709344543 -0.68168915515637585 -0.7624894973521924 1.5816710782051087 -1.210786282521374 2.3676337879423111 5.6161931128712261 2.3917095825602028 1.4681939976758298 -1.9671493786328458 -3.7255907178633283 -0.35865518024168824 -3.3407644472027767 -2.5683027623704642 -0.38690568074141396 3.1200602601066469 0.22805667084042389 1.8352468333970631 1.3913716506958007 -1.1906420506749835 -3.2883192347621062 0.8573341714055086
leaf_weight=20 30 20 26 24 26 26 27 21 25 27 27 20 29 20 33 20 24 20 25 20 30 29 25 22 24
leaf_count=20 30 20 26 24 26 26 27 21 25 27 27 20 29 20 33 20 24 20 25 20 30 29 25 22 24
internal_value=0.000422575 0.468753 -0.427254 1.39807 -0.934412 -0.30923 1.3272 -2.5854 2.27192 2.61234 4.01874 0.212966 -0.514433 -2.10189 -1.54074 -2.13128 -1.63608 0.543309 2.33042 1.59172 1.19586 1.91646 -1.88674 -2.28404 1.35085
internal_weight=640 542 276 266 227 148 78 98 153 129 54 113 69 79 59 70 50 40 52 75 50 49 68 43 44
internal_count=640 542 276 266 227 148 78 98 153 129 54 113 69 79 59 70 50 40 52 75 50 49 68 43 44
is_linear=0
shrinkage=0.01


end of trees

feature_importances:
Column_0=343
Column_1=267
Column_2=77
Column_18=72
Column_19=65
Column_3=47
Column_13=39
Column_17=30
Column_16=18
Column_5=6
Column_15=2
Column_9=1

parameters:
[boosting: gbdt]
[objective: regression]
[metric: l2]
[tree_learner: serial]
[device_type: cpu]
[data_sample_strategy: goss]
[data: ]
[valid: ]
[num_iterations: 5000]
[learning_rate: 0.01]
[num_leaves: 127]
[num_threads: -1]
[seed: 42]
[deterministic: 0]
[force_col_wise: 0]
[force_row_wise: 0]
[histogram_pool_size: -1]
[max_depth: 12]
[min_data_in_leaf: 20]
[min_sum_hessian_in_leaf: 0.001]
[bagging_fraction: 1]
[pos_bagging_fraction: 1]
[neg_bagging_fraction: 1]
[bagging_freq: 0]
[bagging_seed: 400]
[bagging_by_query: 0]
[feature_fraction: 0.8]
[feature_fraction_bynode: 1]
[feature_fraction_seed: 30056]
[extra_trees: 0]
[extra_seed: 12879]
[early_stopping_round: 200]
[early_stopping_min_delta: 0]
[first_metric_only: 0]
[max_delta_step: 0]
[lambda_l1: 0.1]
[lambda_l2: 0.2]
[linear_lambda: 0]
[min_gain_to_split: 0]
[drop_rate: 0.1]
[max_drop: 50]
[skip_drop: 0.5]
[xgboost_dart_mode: 0]
[uniform_drop: 0]
[drop_seed: 17869]
[top_rate: 0.2]
[other_rate: 0.1]
[min_data_per_group: 100]
[max_cat_threshold: 32]
[cat_l2: 10]
[cat_smooth: 10]
[max_cat_to_onehot: 4]
[top_k: 20]
[monotone_constraints: ]
[monotone_constraints_method: basic]
[monotone_penalty: 0]
[feature_contri: ]
[forcedsplits_filename: ]
[refit_decay_rate: 0.9]
[cegb_tradeoff: 1]
[cegb_penalty_split: 0]
[cegb_penalty_feature_lazy: ]
[cegb_penalty_feature_coupled: ]
[path_smooth: 0]
[interaction_constraints: ]
[verbosity: -1]
[saved_feature_importance_type: 0]
[use_quantized_grad: 0]
[num_grad_quant_bins: 4]
[quant_train_renew_leaf: 0]
[stochastic_rounding: 1]
[linear_tree: 0]
[max_bin: 255]
[max_bin_by_feature: ]
[min_data_in_bin: 3]
[bin_construct_sample_cnt: 200000]
[data_random_seed: 175]
[is_enable_sparse: 1]
[enable_bundle: 1]
[use_missing: 1]
[zero_as_missing: 0]
[feature_pre_filter: 1]
[pre_partition: 0]
[two_round: 0]
[header: 0]
[label_column: ]
[weight_column: ]
[group_column: ]
[ignore_column: ]
[categorical_feature: ]
[forcedbins_filename: ]
[precise_float_parser: 0]
[parser_config_file: ]
[objective_seed: 16083]
[num_class: 1]
[is_unbalance: 0]
[scale_pos_weight: 1]
[sigmoid: 1]
[boost_from_average: 1]
[reg_sqrt: 0]
[alpha: 0.9]
[fair_c: 1]
[poisson_max_delta_step: 0.7]
[tweedie_variance_power: 1.5]
[lambdarank_truncation_level: 30]
[lambdarank_norm: 1]
[label_gain: ]
[lambdarank_position_bias_regularization: 0]
[eval_at: ]
[multi_error_top_k: 1]
[auc_mu_weights: ]
[num_machines: 1]
[local_listen_port: 12400]
[time_out: 120]
[machine_list_filename: ]
[machines: ]
[gpu_platform_id: -1]
[gpu_device_id: -1]
[gpu_use_dp: 0]
[num_gpu: 1]

end of parameters

pandas_categorical:null
