tree
version=v4
num_class=1
num_tree_per_iteration=1
label_index=0
max_feature_idx=19
objective=regression
feature_names=Column_0 Column_1 Column_2 Column_3 Column_4 Column_5 Column_6 Column_7 Column_8 Column_9 Column_10 Column_11 Column_12 Column_13 Column_14 Column_15 Column_16 Column_17 Column_18 Column_19
feature_infos=[-1.7603159286828358:1.6828107638768599] [-1.1283463880550726:2.3681280685266781] [-2.8272365897574652:2.4452521968170342] [-3.0206919023456456:1.0881958462057402] [-1.9097833101091746:1.8040695634687913] [-1.4373909796655089:1.900372646972162] [-1.6828107638772269:1.7603159286824723] [-1.749620220579202:1.6917658153985839] [-1.7603159286824155:1.6828107638772838] [-1.6738782535689027:1.7710577589122873] [-1.6828107638772269:1.7603159286824723] [-1.749620220579202:1.6917658153985839] [-1.7564158379505814:1.6799144750206048] [-2.3657331806838187:1.1290296517006295] [-1.6601162870886699:1.6079246978394954] [-2.3074292200394342:1.1457107815882062] [-1.346440744471042:1.3568916520324881] [-2.1142884929466139:1.201466742000374] [-1.4672194804824386:1.5340488498656932] [-1.2246249985631337:1.4808083538228574]
tree_sizes=2186 2228 2129 2151 2046 2120 2147 2151 2226 2150 2222 2065 2145 2119

Tree=0
num_leaves=25
num_cat=0
split_feature=0 18 18 18 1 0 0 6 1 1 18 18 0 0 1 13 1 1 0 16 18 6 13 0
split_gain=8.41543e+06 9.72163e+06 6.36263e+06 5.9219e+06 5.68498e+06 5.43552e+06 3.3167e+06 2.41597e+06 5.05058e+06 2.39695e+06 1.83238e+06 1.53171e+06 2.77235e+06 2.09668e+06 1.77122e+06 2.61037e+06 1.49166e+06 1.66657e+06 1.37363e+06 1.2456e+06 987101 820835 703430 376454
threshold=1.2441515492534811 -0.6045313298679641 -1.4504281575292817 0.060548527669200179 1.6365370490757922 -1.1945847987122085 -0.15015809722797305 -0.90123144893317364 -0.814472007326842 -1.1144514452240804 1.5180159177598169 -1.1245909496390192 -1.0048472812759055 -0.39907979441504904 -0.27702434746444854 0.72607375088542792 -0.95641190967932388 -1.0732086147095561 1.3799270204464318 -1.3336757921836642 -0.42013158837879166 -1.0927096775386067 0.62402532094779184 1.479147557087434
decision_type=2 2 2 2 2 2 2 2 2 2 2 2 2 2 2 2 2 2 2 2 2 2 2 2
left_child=1 2 -1 6 18 -4 20 21 9 -9 19 12 -7 -13 15 -14 17 -11 -2 -10 -3 -5 -21 -20
right_child=4 3 5 7 -6 11 -8 8 10 16 -12 13 14 -15 -16 -17 -18 -19 23 22 -22 -23 -24 -25
leaf_value=8395.9895798335947 8387.0632309383236 8396.95538058696 8394.5832693064149 8394.5510407117108 8393.9915316981496 8394.2896461101573 8394.2894253512059 8392.0314456880515 8392.8188842497239 8394.4641382417594 8394.1252110779969 8386.3276339774566 8393.5031188780922 8390.5834227763517 8387.7315950490774 8389.2285928021283 8393.5673278732993 8398.2311907305793 8390.9536811949474 8388.5241905435541 8399.7805747980019 8397.0075405969292 8390.9489028155313 8388.9767869749176
leaf_weight=31 29 26 36 34 29 20 32 23 21 20 21 20 25 28 22 33 22 29 20 21 26 23 29 20
leaf_count=31 29 26 36 34 29 20 32 23 21 20 21 20 25 28 22 33 22 29 20 21 26 23 29 20
internal_value=8392.97 8393.46 8391.81 8394.55 8390.28 8391.11 8396.83 8393.76 8393.2 8394.83 8391.54 8390.26 8390.97 8388.79 8390.14 8391.07 8395.74 8396.71 8388.72 8390.77 8398.39 8395.55 8389.92 8389.95
internal_weight=640 542 215 327 98 184 84 243 186 94 92 148 100 48 80 58 71 49 69 71 52 57 50 40
internal_count=640 542 215 327 98 184 84 243 186 94 92 148 100 48 80 58 71 49 69 71 52 57 50 40
is_linear=0
shrinkage=1


Tree=1
num_leaves=25
num_cat=0
split_feature=0 18 18 18 1 0 0 6 1 1 18 18 0 0 1 13 1 1 0 16 18 6 3 0
split_gain=8.24927e+06 9.52973e+06 6.23692e+06 5.80495e+06 5.57273e+06 5.32812e+06 3.25123e+06 2.36827e+06 4.95084e+06 2.34962e+06 1.79623e+06 1.50155e+06 2.71764e+06 2.05544e+06 1.73635e+06 2.55875e+06 1.46218e+06 1.63359e+06 1.34639e+06 1.22102e+06 967606 804670 689594 369036
threshold=1.2441515492534811 -0.6045313298679641 -1.4504281575292817 0.060548527669200179 1.6365370490757922 -1.1945847987122085 -0.15015809722797305 -0.90123144893317364 -0.814472007326842 -1.1144514452240804 1.5180159177598169 -1.1245909496390192 -1.0048472812759055 -0.39907979441504904 -0.27702434746444854 0.72607375088542792 -0.95641190967932388 -1.0732086147095561 1.3799270204464318 -1.3336757921836642 -0.42013158837879166 -1.0927096775386067 -0.0098306331125858331 1.479147557087434
decision_type=2 2 2 2 2 2 2 2 2 2 2 2 2 2 2 2 2 2 2 2 2 2 2 2
left_child=1 2 -1 6 18 -4 20 21 9 -9 19 12 -7 -13 15 -14 17 -11 -2 -10 -3 -5 -21 -20
right_child=4 3 5 7 -6 11 -8 8 10 16 -12 13 14 -15 -16 -17 -18 -19 23 22 -22 -23 -24 -25
leaf_value=2.9848561966724882 -5.8528274655015506 3.9411095944160723 1.5925043744672067 1.5606013265687819 1.0066648582563009 1.3018585820717388 1.3015916510171583 -0.93397119554980057 -0.15434033123952037 1.4746233243281299 1.1390464235701652 -6.5813215956357443 0.52310828042408786 -2.3676021895171901 -5.1912143202085756 -3.7089401450214612 0.58668670585563598 5.2042175823368444 -2.0010769260519803 -2.00574607813195 6.7382676854024419 3.9927915911838925 -4.4064923153283466 -3.9583979495209043
leaf_weight=31 29 26 36 34 29 20 32 23 21 20 21 20 25 28 22 33 22 29 20 29 26 23 21 20
leaf_count=31 29 26 36 34 29 20 32 23 21 20 21 20 25 28 22 33 22 29 20 29 26 23 21 20
internal_value=-1.04267e-05 0.483 -1.15164 1.55782 -2.66691 -1.85104 3.82082 0.773041 0.225544 1.83766 -1.42202 -2.68969 -1.98504 -4.14336 -2.80797 -1.88924 2.73563 3.69414 -4.20933 -2.18061 5.36017 2.55256 -3.02762 -2.99459
internal_weight=640 542 215 327 98 184 84 243 186 94 92 148 100 48 80 58 71 49 69 71 52 57 50 40
internal_count=640 542 215 327 98 184 84 243 186 94 92 148 100 48 80 58 71 49 69 71 52 57 50 40
is_linear=0
shrinkage=0.01


Tree=2
num_leaves=24
num_cat=0
split_feature=0 3 16 9 13 0 0 3 3 3 9 3 0 3 3 13 9 3 9 0 0 0 13
split_gain=8.08638e+06 5.4627e+06 4.88774e+06 5.34665e+06 6.63291e+06 2.86992e+06 7.30905e+06 2.47879e+06 4.28027e+06 3.57497e+06 2.25613e+06 1.48301e+06 1.31969e+06 1.16486e+06 1.11585e+06 828077 788823 723039 1.3147e+06 390628 983107 361764 313784
threshold=1.2441515492534811 0.99604141994363327 -1.3443453306912001 0.20109104225302774 0.72607375088542792 -0.86036825423725294 -1.1945847987122085 -0.66877061424446604 0.36916101769802961 -1.3470858251999107 1.4455716200669901 0.53277468946201834 1.3799270204464318 -1.8451317806132133 -2.4099910802788536 0.55054193847453547 -1.0918574702706423 -0.30804705738991722 -0.74341211796039841 -0.3834133938927855 -0.48437464170292827 1.479147557087434 -0.87969859321721466
decision_type=2 2 2 2 2 2 2 2 2 2 2 2 2 2 2 2 2 2 2 2 2 2 2
left_child=2 12 -1 7 5 6 10 9 17 13 22 -8 -2 14 -4 -7 -10 -9 -19 20 -6 -14 -5
right_child=1 -3 3 4 19 15 11 8 16 -11 -12 -13 21 -15 -16 -17 -18 18 -20 -21 -22 -23 -24
leaf_value=4.6918097730447315 -5.7947001961485993 0.99666728529211601 1.9014214310556088 3.6029148580443184 -2.4146023346021259 3.2980667210256813 -4.8761075886936061 0.58087273606308953 1.5450864516921905 5.2545924768692416 -1.0981586848456284 -1.6382068158502445 -1.9812641891630571 2.5585785199549731 -1.2118025410364546 0.73890508505675168 3.9532081120589688 0.18929229287540211 -2.6769451175173931 -2.317673107328869 -5.3706325458658153 -3.9192057195984491 1.9912745104080591
leaf_weight=26 29 29 21 21 23 30 28 22 34 31 23 29 20 39 25 22 23 27 39 25 23 20 31
leaf_count=26 29 29 21 21 23 30 28 22 34 31 23 29 20 39 25 22 23 27 39 25 23 20 31
internal_value=-2.21816e-05 -2.64046 0.478196 0.264145 -0.765392 0.237219 -0.546971 1.26983 0.397151 2.35812 1.50309 -3.24026 -4.16758 1.29189 0.211509 2.22234 2.52723 -0.985149 -1.50735 -3.35709 -3.90949 -2.96494 2.65346
internal_weight=640 98 542 516 255 184 132 261 145 116 75 57 69 85 46 52 57 88 66 71 46 40 52
internal_count=640 98 542 516 255 184 132 261 145 116 75 57 69 85 46 52 57 88 66 71 46 40 52
is_linear=0
shrinkage=0.01


Tree=3
num_leaves=24
num_cat=0
split_feature=2 18 18 18 1 1 1 6 1 1 18 18 1 1 1 13 1 1 1 18 18 1 3
split_gain=7.92675e+06 9.16756e+06 5.98791e+06 5.65133e+06 5.35485e+06 5.10221e+06 3.15576e+06 2.28727e+06 4.76074e+06 2.26452e+06 1.75522e+06 1.46694e+06 2.65362e+06 2.01008e+06 1.67228e+06 2.47083e+06 1.39978e+06 1.57945e+06 1.30269e+06 1.16681e+06 950209 774606 686407
threshold=0.98033789895244883 -0.6045313298679641 -1.4504281575292817 0.060548527669200179 1.6365370490757922 0.48531489259991961 -1.1029266748828344 -0.90123144893317364 -0.814472007326842 -1.1144514452240804 1.5180159177598169 -1.1245909496390192 0.017834717796714989 -0.95063413877361658 -0.27702434746444854 0.72607375088542792 -0.95641190967932388 -1.0732086147095561 1.1259650203061471 0.44500411698210479 -0.42013158837879166 0.30730356172368484 -0.0098306331125858331
decision_type=2 2 2 2 2 2 2 2 2 2 2 2 2 2 2 2 2 2 2 2 2 2 2
left_child=1 2 -1 6 18 11 -3 21 9 -9 19 12 14 -13 15 -4 17 -11 -2 -10 -8 -5 -21
right_child=4 3 5 7 -6 -7 20 8 10 16 -12 13 -14 -15 -16 -17 -18 -19 -20 22 -22 -23 -24
leaf_value=2.923249997359056 -5.3324945758556828 1.2785589624339746 0.51950109247177378 3.5665148118826058 0.98676872527762638 1.5546385660751088 3.8714617898082002 -0.92477565074789125 -0.16924476641529013 1.4333559595240226 1.1312963694446492 -2.3167513010011498 1.3083947514071324 -6.4833105891765932 -5.0914482041092608 -3.6391699456726481 0.57511646786251591 5.1003460944188781 -2.5331584925367343 -1.959239953642022 6.6423526568813189 1.21551735160915 -4.3535699117408608
leaf_weight=31 39 32 25 31 29 36 26 23 21 20 21 28 20 20 22 33 22 29 30 29 26 26 21
leaf_count=31 39 32 25 31 29 36 26 23 21 20 21 28 20 20 22 33 22 29 30 29 26 26 21
internal_value=-2.81421e-05 0.473446 -1.12984 1.52764 -2.61427 -1.81513 3.76049 0.753329 0.215283 1.79615 -1.40034 -2.6358 -1.93941 -4.07254 -2.75261 -1.851 2.67772 3.61555 -4.12625 -2.15022 5.27707 2.50215 -2.97822
internal_weight=640 542 215 327 98 184 84 243 186 94 92 148 100 48 80 58 71 49 69 71 52 57 50
internal_count=640 542 215 327 98 184 84 243 186 94 92 148 100 48 80 58 71 49 69 71 52 57 50
is_linear=0
shrinkage=0.01


Tree=4
num_leaves=23
num_cat=0
split_feature=0 3 16 6 13 0 0 2 3 3 6 3 0 3 3 13 6 3 6 0 0 13
split_gain=7.76983e+06 5.2489e+06 4.71069e+06 5.15118e+06 6.36204e+06 2.77164e+06 7.02438e+06 2.38542e+06 4.11147e+06 3.4368e+06 2.19591e+06 1.43416e+06 1.27686e+06 1.12182e+06 1.09181e+06 797144 761863 694268 1.2787e+06 373107 958400 300357
threshold=1.2441515492534811 0.99604141994363327 -1.3443453306912001 0.2058608546401216 0.72607375088542792 -0.86036825423725294 -1.1945847987122085 0.017286201970330619 0.36916101769802961 -1.3470858251999107 1.4400250735606612 0.53277468946201834 1.4147412438292395 -1.8451317806132133 -2.4099910802788536 0.55054193847453547 -1.0927096775386067 -0.30804705738991722 -0.74108602137226798 -0.3834133938927855 -0.48437464170292827 -0.87969859321721466
decision_type=2 2 2 2 2 2 2 2 2 2 2 2 2 2 2 2 2 2 2 2 2 2
left_child=2 12 -1 7 5 6 10 9 17 13 21 -8 -2 14 -4 -7 -10 -9 -19 20 -6 -5
right_child=1 -3 3 4 19 15 11 8 16 -11 -12 -13 -14 -15 -16 -17 -18 18 -20 -21 -22 -23
leaf_value=4.605331671474544 -5.2794418668625305 0.97696859621021859 1.8792755191731005 3.5330334296316472 -2.3545862548926779 3.2362655457755585 -4.7896366404810697 0.56941694586126657 1.5121425534967787 5.1532759368113981 -1.097128291952199 -1.6055789249890469 -2.5079947030781118 2.5109628068914218 -1.2002240068950352 0.72535162161062428 3.8786590520266828 0.19634855158188763 -2.6303085943934867 -2.2741524281577457 -5.2725579551170609 1.9560428223243125
leaf_weight=26 39 29 21 21 23 30 28 22 34 31 23 29 30 39 25 22 23 27 39 25 23 31
leaf_count=26 39 29 21 21 23 30 28 22 34 31 23 29 30 39 25 22 23 27 39 25 23 31
internal_value=-2.99699e-05 -2.58827 0.468735 0.258596 -0.751946 0.229983 -0.54066 1.24573 0.389641 2.31332 1.46909 -3.18097 -4.08521 1.2679 0.207662 2.18082 2.47729 -0.965129 -1.47683 -3.29017 -3.8301 2.60402
internal_weight=640 98 542 516 255 184 132 261 145 116 75 57 69 85 46 52 57 88 66 71 46 52
internal_count=640 98 542 516 255 184 132 261 145 116 75 57 69 85 46 52 57 88 66 71 46 52
is_linear=0
shrinkage=0.01


Tree=5
num_leaves=24
num_cat=0
split_feature=0 1 16 6 13 0 0 1 1 1 6 1 0 6 13 1 1 6 1 0 0 0 13
split_gain=7.61607e+06 5.14505e+06 4.61767e+06 5.04946e+06 6.23651e+06 2.71685e+06 6.88561e+06 2.33818e+06 4.0302e+06 3.36886e+06 2.15257e+06 1.40583e+06 1.25593e+06 1.10893e+06 781374 747986 680537 1.25339e+06 593333 366142 365753 939490 294459
threshold=1.2441515492534811 1.6365370490757922 -1.3443453306912001 0.2058608546401216 0.72607375088542792 -0.86036825423725294 -1.1945847987122085 -0.95641190967932388 -0.21095637696239081 -1.0815683683913375 1.4400250735606612 0.060744678183935204 1.3799270204464318 0.082270361631145719 0.55054193847453547 0.30730356172368484 -0.814472007326842 -0.74108602137226798 -1.1264007763773489 1.479147557087434 -0.3834133938927855 -0.48437464170292827 -0.87969859321721466
decision_type=2 2 2 2 2 2 2 2 2 2 2 2 2 2 2 2 2 2 2 2 2 2 2
left_child=2 12 -1 7 5 6 10 9 16 13 22 -8 -2 18 -7 -10 -9 -18 -4 -14 21 -6 -5
right_child=1 -3 3 4 20 14 11 8 15 -11 -12 -13 19 -15 -16 -17 17 -19 -20 -21 -22 -23 -24
leaf_value=4.5596299667940796 -5.6317572689709605 0.9672659130618998 1.8606600808197598 3.4980362399119254 -2.3312437003645403 3.2041172982525352 -4.7420799630415358 0.5637742662859393 3.4986083196982363 5.1020737154055871 -1.0862515350456896 -1.5896331017637906 -1.884157059169052 3.0161064539258438 0.71816342431145752 1.188448960508099 0.19439937591552736 -2.6041397734624998 -0.21686228085537346 -3.8304893523867771 -2.2515913578820608 -5.2202869112738242 1.9366076684609437
leaf_weight=26 29 29 21 21 23 30 28 22 31 31 23 29 20 25 22 26 27 39 39 20 25 23 31
leaf_count=26 29 29 21 21 23 30 28 22 31 31 23 29 20 25 22 26 27 39 39 20 25 23 31
internal_value=-2.42139e-05 -2.56253 0.464079 0.256025 -0.744489 0.227704 -0.535283 1.23336 0.385793 2.29033 1.45451 -3.14939 -4.04458 1.25529 2.15917 2.45271 -0.95552 -1.46214 0.51402 -2.87156 -3.25755 -3.79213 2.57819
internal_weight=640 98 542 516 255 184 132 261 145 116 75 57 69 85 52 57 88 66 60 40 71 46 52
internal_count=640 98 542 516 255 184 132 261 145 116 75 57 69 85 52 57 88 66 60 40 71 46 52
is_linear=0
shrinkage=0.01


Tree=6
num_leaves=24
num_cat=0
split_feature=0 18 18 18 3 0 0 6 3 3 18 18 0 0 3 13 3 3 0 18 18 6 3
split_gain=7.46574e+06 8.65516e+06 5.63022e+06 5.44258e+06 5.04346e+06 4.77222e+06 3.04722e+06 2.17263e+06 4.50233e+06 2.16196e+06 1.70958e+06 1.42824e+06 2.58125e+06 1.96104e+06 1.58212e+06 2.35085e+06 1.31782e+06 1.48469e+06 1.23832e+06 1.0868e+06 935832 735824 693210
threshold=1.2441515492534811 -0.6045313298679641 -1.4504281575292817 0.060548527669200179 0.99604141994363327 -1.1945847987122085 -0.15015809722797305 -0.90123144893317364 -0.30804705738991722 -1.8451317806132133 1.5180159177598169 -1.1245909496390192 -1.0048472812759055 -0.39907979441504904 0.32439004099997232 0.72607375088542792 -0.66877061424446604 -1.2700486913232039 1.4147412438292395 0.44500411698210479 -0.42013158837879166 -1.0927096775386067 -0.0098306331125858331
decision_type=2 2 2 2 2 2 2 2 2 2 2 2 2 2 2 2 2 2 2 2 2 2 2
left_child=1 2 -1 6 18 -4 20 21 9 -9 19 12 -7 -13 15 -14 17 -11 -2 -10 -3 -5 -21
right_child=4 3 5 7 -6 11 -8 8 10 16 -12 13 14 -15 -16 -17 -18 -19 -20 22 -22 -23 -24
leaf_value=2.8318155748416216 -5.1804466372606708 3.7716153641329466 1.4961317089776307 1.4798906200531627 0.95765952685107936 1.3333498172948857 1.2362876958432405 -0.9215646375458818 -0.19947027300888637 1.3925090234586508 1.126833137656158 -6.3549693468301598 0.51744776581961016 -2.2403477196659605 -4.9465340861973459 -3.5389302208911939 0.55818712664080106 4.947840841633 -2.4514743446198519 -1.8877956404751295 6.5193977350133068 3.805522329396215 -4.2923240762386685
leaf_weight=31 39 26 36 34 29 20 32 23 21 20 21 20 25 28 22 33 22 29 30 29 26 23 21
leaf_count=31 39 26 36 34 29 20 32 23 21 20 21 20 25 28 22 33 22 29 30 29 26 23 21
internal_value=-2.72955e-05 0.459472 -1.09836 1.48378 -2.53711 -1.76287 3.675 0.723921 0.199545 1.73692 -1.3716 -2.55655 -1.86957 -3.97405 -2.67164 -1.7947 2.59831 3.50826 -4.00447 -2.11168 5.16524 2.42835 -2.91079
internal_weight=640 542 215 327 98 184 84 243 186 94 92 148 100 48 80 58 71 49 69 71 52 57 50
internal_count=640 542 215 327 98 184 84 243 186 94 92 148 100 48 80 58 71 49 69 71 52 57 50
is_linear=0
shrinkage=0.01


Tree=7
num_leaves=24
num_cat=0
split_feature=0 18 18 18 1 0 0 6 1 1 18 18 0 0 1 13 1 1 0 18 18 1 3
split_gain=7.31796e+06 8.48431e+06 5.51898e+06 5.3351e+06 4.94367e+06 4.67792e+06 2.98707e+06 2.12974e+06 4.41343e+06 2.11927e+06 1.67586e+06 1.40012e+06 2.5303e+06 1.92246e+06 1.55098e+06 2.30436e+06 1.29178e+06 1.45531e+06 1.21376e+06 1.06535e+06 917349 722281 679573
threshold=1.2441515492534811 -0.6045313298679641 -1.4504281575292817 0.060548527669200179 1.6365370490757922 -1.1945847987122085 -0.15015809722797305 -0.90123144893317364 -0.814472007326842 -1.1144514452240804 1.5180159177598169 -1.1245909496390192 -1.0048472812759055 -0.39907979441504904 -0.27702434746444854 0.72607375088542792 -0.95641190967932388 -1.0732086147095561 1.4147412438292395 0.44500411698210479 -0.42013158837879166 0.30730356172368484 -0.0098306331125858331
decision_type=2 2 2 2 2 2 2 2 2 2 2 2 2 2 2 2 2 2 2 2 2 2 2
left_child=1 2 -1 6 18 -4 20 21 9 -9 19 12 -7 -13 15 -14 17 -11 -2 -10 -3 -5 -21
right_child=4 3 5 7 -6 11 -8 8 10 16 -12 13 14 -15 -16 -17 -18 -19 -20 22 -22 -23 -24
leaf_value=2.8036788519834857 -5.1289066296207659 3.7341871445051584 1.4812530639817041 3.4319984418917926 0.94814844863055514 1.3201483709505291 1.2240016198010177 -0.91242836031420482 -0.1974944397638429 1.3787218501780294 1.1156710455552588 -6.2920487840104808 0.51231430992247573 -2.2181030836172981 -4.8975143873584166 -3.5037540732808856 0.55265566782908404 4.8987012335372304 -2.427121984216551 -1.8690471281417427 6.4547013706469363 1.1619692770215391 -4.2498058059980286
leaf_weight=31 39 26 36 31 29 20 32 23 21 20 21 20 25 28 22 33 22 29 30 29 26 26 21
leaf_count=31 39 26 36 31 29 20 32 23 21 20 21 20 25 28 22 33 22 29 30 29 26 26 21
internal_value=-2.70846e-05 0.454902 -1.08748 1.46905 -2.51188 -1.74539 3.63852 0.716732 0.197557 1.71968 -1.358 -2.53119 -1.85101 -3.93467 -2.64513 -1.77686 2.57252 3.47344 -3.96464 -2.09074 5.11398 2.40425 -2.88193
internal_weight=640 542 215 327 98 184 84 243 186 94 92 148 100 48 80 58 71 49 69 71 52 57 50
internal_count=640 542 215 327 98 184 84 243 186 94 92 148 100 48 80 58 71 49 69 71 52 57 50
is_linear=0
shrinkage=0.01


Tree=8
num_leaves=25
num_cat=0
split_feature=0 18 18 18 1 0 0 6 1 1 18 18 0 0 1 13 1 1 0 18 18 6 3 0
split_gain=7.1731e+06 8.3168e+06 5.40994e+06 5.22975e+06 4.84586e+06 4.58549e+06 2.9281e+06 2.08765e+06 4.32628e+06 2.07743e+06 1.6428e+06 1.37256e+06 2.48037e+06 1.88464e+06 1.52045e+06 2.25879e+06 1.26625e+06 1.42651e+06 1.19527e+06 1.04433e+06 899231 710677 666204 370161
threshold=1.2441515492534811 -0.6045313298679641 -1.4504281575292817 0.060548527669200179 1.6365370490757922 -1.1945847987122085 -0.15015809722797305 -0.90123144893317364 -0.814472007326842 -1.1144514452240804 1.5180159177598169 -1.1245909496390192 -1.0048472812759055 -0.39907979441504904 -0.27702434746444854 0.72607375088542792 -0.95641190967932388 -1.0732086147095561 1.3799270204464318 0.44500411698210479 -0.42013158837879166 -1.0927096775386067 -0.0098306331125858331 1.479147557087434
decision_type=2 2 2 2 2 2 2 2 2 2 2 2 2 2 2 2 2 2 2 2 2 2 2 2
left_child=1 2 -1 6 18 -4 20 21 9 -9 19 12 -7 -13 15 -14 17 -11 -2 -10 -3 -5 -21 -20
right_child=4 3 5 7 -6 11 -8 8 10 16 -12 13 14 -15 -16 -17 -18 -19 23 22 -22 -23 -24 -25
leaf_value=2.7758218491383087 -5.4734382598040847 3.6971305444586369 1.466522391303468 1.4483164949096432 0.93873199907067717 1.3070776072587118 1.2118374218555712 -0.90338283999212865 -0.19553804707977007 1.3650712468364452 1.1046195760762918 -6.2297514124199891 0.50723178855956552 -2.1960793699440382 -4.848980272310274 -3.4689278816315063 0.54717880042823597 4.8500498178560445 -1.7903142676022976 -1.8504845649902135 6.3906470285663168 3.7337711097454203 -4.2077085271871315 -3.7442607796546259
leaf_weight=31 29 26 36 34 29 20 32 23 21 20 21 20 25 28 22 33 22 29 20 29 26 23 21 20
leaf_count=31 29 26 36 34 29 20 32 23 21 20 21 20 25 28 22 33 22 29 20 29 26 23 21 20
internal_value=-2.88524e-05 0.450375 -1.0767 1.45446 -2.48689 -1.72808 3.60241 0.709608 0.195589 1.70261 -1.34453 -2.50609 -1.83263 -3.89567 -2.61887 -1.7592 2.54698 3.43896 -3.92521 -2.07001 5.06323 2.38037 -2.85336 -2.78108
internal_weight=640 542 215 327 98 184 84 243 186 94 92 148 100 48 80 58 71 49 69 71 52 57 50 40
internal_count=640 542 215 327 98 184 84 243 186 94 92 148 100 48 80 58 71 49 69 71 52 57 50 40
is_linear=0
shrinkage=0.01


Tree=9
num_leaves=24
num_cat=0
split_feature=0 18 18 18 0 1 0 6 1 1 18 18 0 0 13 0 1 1 0 16 1 3 18
split_gain=7.03146e+06 8.15486e+06 5.43529e+06 5.24347e+06 4.98666e+06 4.75018e+06 3.25703e+06 2.04643e+06 4.24085e+06 2.03641e+06 1.6104e+06 1.42322e+06 2.43141e+06 1.75155e+06 1.50015e+06 2.28952e+06 1.24123e+06 1.39828e+06 1.17726e+06 1.02372e+06 697457 653099 548357
threshold=1.2441515492534811 -0.56711655090900137 0.060548527669200179 -1.4504281575292817 -1.1945847987122085 1.6365370490757922 -0.15015809722797305 -0.90123144893317364 -0.814472007326842 -1.1144514452240804 1.5180159177598169 -1.1245909496390192 -1.0048472812759055 -0.39907979441504904 0.56379313389508257 -0.54704024379198246 -0.95641190967932388 -1.0732086147095561 1.4147412438292395 -1.3336757921836642 0.30730356172368484 -0.0098306331125858331 -0.42013158837879166
decision_type=2 2 2 2 2 2 2 2 2 2 2 2 2 2 2 2 2 2 2 2 2 2 2
left_child=1 3 6 -1 -5 18 22 20 9 -9 19 12 -6 -13 -14 -16 17 -11 -2 -10 -4 -21 -3
right_child=5 2 7 4 11 -7 -8 8 10 16 -12 13 14 -15 15 -17 -18 -19 -20 21 -22 -23 -24
leaf_value=2.7482415438921022 -5.032819655087529 4.1105891395848371 3.3666601689656575 1.5467811660367157 1.2941361929638553 0.92940896909530846 1.1997944421353548 -0.89442679076359199 -0.19360118470101989 1.3515557196588801 1.0936775596186801 -6.1680705827769673 -4.4531841543211161 -2.3049148894009526 0.29327721347547558 -3.9195129412618179 0.54175643164832321 4.8018813689767494 -2.372286898379294 -1.8321065691725849 1.1360657706833979 -4.1660286194423461 6.3272285455601818
leaf_weight=31 39 23 31 38 20 29 32 23 21 20 21 20 28 29 29 23 22 29 30 29 26 21 26
leaf_count=31 39 23 31 38 20 29 32 23 21 20 21 20 28 29 29 23 22 29 30 29 26 21 26
internal_value=-3.96027e-05 0.445895 1.45169 -1.04891 -1.68066 -2.46223 3.6918 0.70256 0.193641 1.68571 -1.3312 -2.50474 -1.81443 -3.9004 -2.59288 -1.57793 2.5217 3.40482 -3.88628 -2.04949 2.35674 -2.82507 5.30772
internal_weight=640 542 324 218 187 98 81 243 186 94 92 149 100 49 80 52 71 49 69 71 57 50 49
internal_count=640 542 324 218 187 98 81 243 186 94 92 149 100 49 80 52 71 49 69 71 57 50 49
is_linear=0
shrinkage=0.01


Tree=10
num_leaves=25
num_cat=0
split_feature=2 18 18 18 1 1 1 6 1 1 18 18 1 1 13 1 1 1 1 16 6 3 18 2
split_gain=6.89227e+06 7.9939e+06 5.328e+06 5.13988e+06 4.88812e+06 4.6562e+06 3.19277e+06 2.00599e+06 4.15711e+06 1.9962e+06 1.57863e+06 1.39519e+06 2.38344e+06 1.71711e+06 1.47048e+06 2.24435e+06 1.2167e+06 1.37061e+06 1.15441e+06 1.00351e+06 686389 640251 537504 368361
threshold=0.98033789895244883 -0.56711655090900137 0.060548527669200179 -1.4504281575292817 0.48531489259991961 1.6365370490757922 -1.1029266748828344 -0.90123144893317364 -0.814472007326842 -1.1144514452240804 1.5180159177598169 -1.1245909496390192 0.017834717796714989 -0.95063413877361658 0.56379313389508257 -0.7912652757175711 -0.95641190967932388 -1.0732086147095561 1.0271234681193631 -1.3336757921836642 -1.0927096775386067 -0.0098306331125858331 -0.42013158837879166 1.6563204240079199
decision_type=2 2 2 2 2 2 2 2 2 2 2 2 2 2 2 2 2 2 2 2 2 2 2 2
left_child=1 3 6 -1 11 18 -3 20 9 -9 19 12 14 -13 -5 -16 17 -11 -2 -10 -4 -21 -8 -20
right_child=5 2 7 4 -6 -7 22 8 10 16 -12 13 -14 -15 15 -17 -18 -19 23 21 -22 -23 -24 -25
leaf_value=2.720935202378493 -5.3690952844489104 1.1878709770581737 1.4174061821984965 -4.408968218133805 1.5313943789017759 0.92017845859266323 4.069837556044603 -0.8855595532779037 -0.19168341695137744 1.3381739316128269 1.0828440353105655 -2.2820235965676505 1.281323074303051 -6.1070007316664894 -3.8806558314685162 0.29036430835723875 0.53638773325327282 4.7541914242261081 -1.7359295185957806 -1.8139109736925934 3.6633788431101837 -4.1247613179908607 6.2644390409775372 -3.6837010479917622
leaf_weight=31 29 32 34 28 38 29 23 23 21 20 21 29 20 20 23 29 22 29 20 29 23 21 26 20
leaf_count=31 29 32 34 28 38 29 23 23 21 20 21 29 20 20 23 29 22 29 20 29 23 21 26 20
internal_value=-4.10342e-05 0.441458 1.43728 -1.03852 -1.664 -2.43774 3.65517 0.695578 0.191712 1.66897 -1.318 -2.47989 -1.79642 -3.86174 -2.56715 -1.56229 2.49668 3.37103 -3.84763 -2.02917 2.33333 -2.79705 5.25507 -2.72332
internal_weight=640 542 324 218 187 98 81 243 186 94 92 149 100 49 80 52 71 49 69 71 57 50 49 40
internal_count=640 542 324 218 187 98 81 243 186 94 92 149 100 49 80 52 71 49 69 71 57 50 49 40
is_linear=0
shrinkage=0.01


Tree=11
num_leaves=23
num_cat=0
split_feature=0 18 18 18 0 5 0 6 5 5 18 0 0 5 13 18 0 0 5 18 4 2
split_gain=6.75618e+06 7.83614e+06 5.22282e+06 5.03834e+06 4.79153e+06 4.56426e+06 3.12977e+06 1.96638e+06 4.07549e+06 2.91593e+06 1.3677e+06 2.33641e+06 1.68333e+06 1.44154e+06 2.17442e+06 1.22035e+06 1.31293e+06 1.14195e+06 673486 526866 523400 326390
threshold=1.2441515492534811 -0.56711655090900137 0.060548527669200179 -1.4504281575292817 -1.1945847987122085 1.4663015212030404 -0.15015809722797305 -0.90123144893317364 -0.91598960678041241 -1.242271353604212 -1.1245909496390192 -1.0048472812759055 -0.39907979441504904 -0.075175489214755878 0.72607375088542792 1.5180159177598169 0.59660699433325537 1.4147412438292395 0.48730211489332614 -0.42013158837879166 0.036707436426285101 0.046361095047086777
decision_type=2 2 2 2 2 2 2 2 2 2 2 2 2 2 2 2 2 2 2 2 2 2
left_child=1 3 6 -1 -5 17 19 18 9 20 11 -6 -12 14 -13 16 21 -2 -4 -3 -9 -10
right_child=5 2 7 4 10 -7 -8 8 15 -11 12 13 -14 -15 -16 -17 -18 -19 -20 -21 -22 -23
leaf_value=2.6939004575289216 -4.9385996036140289 4.0294900695414375 3.3025691895607192 1.5161605351632801 1.2686365327740661 0.91103978823309084 1.1760660859812861 -0.87678040734652829 -1.3723664184481077 4.001175126555216 -6.0465352928992546 0.51889980649191247 -2.2593597968637127 -4.713104235331218 -3.3821679329010372 1.0721175456496905 -3.379191809985655 -2.3185776913876563 1.1107260014810636 6.2022729969752657 1.3249246457543706 0.14775793509049848
leaf_weight=31 39 23 31 38 20 29 32 23 34 36 20 25 29 22 33 21 28 30 26 26 20 24
leaf_count=31 39 23 31 38 20 29 32 23 34 36 20 25 29 22 33 21 28 30 26 26 20 24
internal_value=-5.12372e-05 0.437067 1.42301 -1.02824 -1.6475 -2.41356 3.6189 0.688669 0.189802 1.90991 -2.4553 -1.77859 -3.82346 -2.54168 -1.70465 -1.08137 -1.6085 -3.80947 2.31018 5.20294 0.148638 -0.744986
internal_weight=640 542 324 218 187 98 81 243 186 79 149 100 49 80 58 107 86 69 57 49 43 58
internal_count=640 542 324 218 187 98 81 243 186 79 149 100 49 80 58 107 86 69 57 49 43 58
is_linear=0
shrinkage=0.01


Tree=12
num_leaves=24
num_cat=0
split_feature=0 18 18 18 0 1 0 6 1 1 18 18 0 0 13 0 1 1 0 16 6 13 18
split_gain=6.62245e+06 7.68146e+06 5.11972e+06 4.93879e+06 4.69684e+06 4.47396e+06 3.06801e+06 1.92752e+06 4.00279e+06 1.92043e+06 1.51893e+06 1.34076e+06 2.29029e+06 1.65023e+06 1.42501e+06 2.17322e+06 1.17505e+06 1.32245e+06 1.11931e+06 979154 662932 619071 516438
threshold=1.2441515492534811 -0.56711655090900137 0.060548527669200179 -1.4504281575292817 -1.1945847987122085 1.6365370490757922 -0.15015809722797305 -0.90123144893317364 -0.814472007326842 -1.1144514452240804 1.5180159177598169 -1.1245909496390192 -1.0048472812759055 -0.39907979441504904 0.56379313389508257 -0.54704024379198246 -0.95641190967932388 -1.0732086147095561 1.4147412438292395 -1.3336757921836642 -1.0927096775386067 0.62402532094779184 -0.42013158837879166
decision_type=2 2 2 2 2 2 2 2 2 2 2 2 2 2 2 2 2 2 2 2 2 2 2
left_child=1 3 6 -1 -5 18 22 20 9 -9 19 12 -6 -13 -14 -16 17 -11 -2 -10 -4 -21 -3
right_child=5 2 7 4 11 -7 -8 8 10 16 -12 13 14 -15 15 -17 -18 -19 -20 21 -22 -23 -24
leaf_value=2.6671339788192361 -4.8894655535172449 3.9895423284481315 1.3871454439386286 1.5010782767091122 1.2560759178010545 0.90199187108915158 1.1643785596338116 -0.86808812963551496 -0.17619046080787226 1.3118066761281233 1.061497658783535 -5.9866685765332512 -4.3295263934304531 -2.2369207586001041 0.29568701913912004 -3.8086535348563362 0.52293519990938209 4.6672374119170721 -2.2955453248687139 -4.055162634219764 3.5943199134695121 -1.7828692071731778 6.1407237642684969
leaf_weight=31 39 23 34 38 20 29 32 23 21 20 21 20 28 29 29 23 22 29 30 21 23 29 26
leaf_count=31 39 23 34 38 20 29 32 23 21 20 21 20 28 29 29 23 22 29 30 21 23 29 26
internal_value=-5.06565e-05 0.43272 1.40889 -1.01805 -1.63117 -2.38956 3.583 0.681827 0.187914 1.6375 -1.29351 -2.43094 -1.76093 -3.78556 -2.51645 -1.52731 2.44934 3.30859 -3.77158 -1.9911 2.28723 -2.74961 5.15133
internal_weight=640 542 324 218 187 98 81 243 186 94 92 149 100 49 80 52 71 49 69 71 57 50 49
internal_count=640 542 324 218 187 98 81 243 186 94 92 149 100 49 80 52 71 49 69 71 57 50 49
is_linear=0
shrinkage=0.01


Tree=13
num_leaves=24
num_cat=0
split_feature=0 1 16 6 13 0 0 1 1 1 6 1 0 1 1 13 1 1 6 0 0 0 13
split_gain=6.49136e+06 4.38544e+06 4.0279e+06 4.38002e+06 5.2725e+06 2.41454e+06 5.85498e+06 2.02175e+06 3.4354e+06 2.89466e+06 2.00561e+06 1.24335e+06 1.09859e+06 965519 1.04707e+06 665081 650337 577783 1.16737e+06 371851 311350 855837 243264
threshold=1.2441515492534811 1.6365370490757922 -1.3443453306912001 0.2058608546401216 0.72607375088542792 -0.86036825423725294 -1.1945847987122085 -0.95641190967932388 -0.21095637696239081 -1.0815683683913375 1.4400250735606612 0.060744678183935204 1.3799270204464318 -1.1144514452240804 -1.1264007763773489 0.55054193847453547 0.30730356172368484 -0.814472007326842 -0.74108602137226798 1.479147557087434 -0.3834133938927855 -0.48437464170292827 -0.87969859321721466
decision_type=2 2 2 2 2 2 2 2 2 2 2 2 2 2 2 2 2 2 2 2 2 2 2
left_child=2 12 -1 7 5 6 10 9 17 13 22 -8 -2 14 -4 -7 -10 -9 -19 -14 21 -6 -5
right_child=1 -3 3 4 20 15 11 8 16 -11 -12 -13 19 -15 -16 -17 -18 18 -20 -21 -22 -23 -24
leaf_value=4.2534935464931802 -5.2181643441605239 0.89303365028067816 1.8212652019284807 3.233280479863005 -2.1091329633778542 2.9811471163516012 -4.4313167343410198 0.51775290274405272 3.2397019803218354 4.7335669170281829 -1.1401229458225186 -1.4670162065061803 -1.6472461466269921 2.3209771317851784 -1.1944577831692167 0.68729028547132343 1.085937909279161 0.24929935455322266 -2.4511115483848416 -3.6015441773669559 -2.0802119324699282 -4.8639468392010397 1.8126480219914363
leaf_weight=26 29 29 21 21 23 30 28 22 31 31 23 29 20 39 25 22 26 27 39 20 25 23 31
leaf_count=26 29 29 21 21 23 30 28 22 31 31 23 29 20 39 25 22 26 27 39 20 25 23 31
internal_value=-5.00017e-05 -2.36579 0.428416 0.234105 -0.697727 0.196188 -0.523076 1.14436 0.356224 2.1272 1.31183 -2.93358 -3.73407 1.16776 0.184188 2.01704 2.26453 -0.88216 -1.34897 -2.63748 -3.00841 -3.50165 2.39657
internal_weight=640 98 542 516 255 184 132 261 145 116 75 57 69 85 46 52 57 88 66 40 71 46 52
internal_count=640 98 542 516 255 184 132 261 145 116 75 57 69 85 46 52 57 88 66 40 71 46 52
is_linear=0
shrinkage=0.01


end of trees

feature_importances:
Column_0=81
Column_1=76
Column_18=64
Column_3=28
Column_6=27
Column_13=24
Column_16=9
Column_2=5
Column_5=5
Column_9=4
Column_4=1

parameters:
[boosting: gbdt]
[objective: regression]
[metric: l2]
[tree_learner: serial]
[device_type: cpu]
[data_sample_strategy: goss]
[data: ]
[valid: ]
[num_iterations: 5000]
[learning_rate: 0.01]
[num_leaves: 127]
[num_threads: -1]
[seed: 42]
[deterministic: 0]
[force_col_wise: 0]
[force_row_wise: 0]
[histogram_pool_size: -1]
[max_depth: 12]
[min_data_in_leaf: 20]
[min_sum_hessian_in_leaf: 0.001]
[bagging_fraction: 1]
[pos_bagging_fraction: 1]
[neg_bagging_fraction: 1]
[bagging_freq: 0]
[bagging_seed: 400]
[bagging_by_query: 0]
[feature_fraction: 0.8]
[feature_fraction_bynode: 1]
[feature_fraction_seed: 30056]
[extra_trees: 0]
[extra_seed: 12879]
[early_stopping_round: 200]
[early_stopping_min_delta: 0]
[first_metric_only: 0]
[max_delta_step: 0]
[lambda_l1: 0.1]
[lambda_l2: 0.2]
[linear_lambda: 0]
[min_gain_to_split: 0]
[drop_rate: 0.1]
[max_drop: 50]
[skip_drop: 0.5]
[xgboost_dart_mode: 0]
[uniform_drop: 0]
[drop_seed: 17869]
[top_rate: 0.2]
[other_rate: 0.1]
[min_data_per_group: 100]
[max_cat_threshold: 32]
[cat_l2: 10]
[cat_smooth: 10]
[max_cat_to_onehot: 4]
[top_k: 20]
[monotone_constraints: ]
[monotone_constraints_method: basic]
[monotone_penalty: 0]
[feature_contri: ]
[forcedsplits_filename: ]
[refit_decay_rate: 0.9]
[cegb_tradeoff: 1]
[cegb_penalty_split: 0]
[cegb_penalty_feature_lazy: ]
[cegb_penalty_feature_coupled: ]
[path_smooth: 0]
[interaction_constraints: ]
[verbosity: -1]
[saved_feature_importance_type: 0]
[use_quantized_grad: 0]
[num_grad_quant_bins: 4]
[quant_train_renew_leaf: 0]
[stochastic_rounding: 1]
[linear_tree: 0]
[max_bin: 255]
[max_bin_by_feature: ]
[min_data_in_bin: 3]
[bin_construct_sample_cnt: 200000]
[data_random_seed: 175]
[is_enable_sparse: 1]
[enable_bundle: 1]
[use_missing: 1]
[zero_as_missing: 0]
[feature_pre_filter: 1]
[pre_partition: 0]
[two_round: 0]
[header: 0]
[label_column: ]
[weight_column: ]
[group_column: ]
[ignore_column: ]
[categorical_feature: ]
[forcedbins_filename: ]
[precise_float_parser: 0]
[parser_config_file: ]
[objective_seed: 16083]
[num_class: 1]
[is_unbalance: 0]
[scale_pos_weight: 1]
[sigmoid: 1]
[boost_from_average: 1]
[reg_sqrt: 0]
[alpha: 0.9]
[fair_c: 1]
[poisson_max_delta_step: 0.7]
[tweedie_variance_power: 1.5]
[lambdarank_truncation_level: 30]
[lambdarank_norm: 1]
[label_gain: ]
[lambdarank_position_bias_regularization: 0]
[eval_at: ]
[multi_error_top_k: 1]
[auc_mu_weights: ]
[num_machines: 1]
[local_listen_port: 12400]
[time_out: 120]
[machine_list_filename: ]
[machines: ]
[gpu_platform_id: -1]
[gpu_device_id: -1]
[gpu_use_dp: 0]
[num_gpu: 1]

end of parameters

pandas_categorical:null
