tree
version=v4
num_class=1
num_tree_per_iteration=1
label_index=0
max_feature_idx=19
objective=regression
feature_names=Column_0 Column_1 Column_2 Column_3 Column_4 Column_5 Column_6 Column_7 Column_8 Column_9 Column_10 Column_11 Column_12 Column_13 Column_14 Column_15 Column_16 Column_17 Column_18 Column_19
feature_infos=[-1.7861647911109237:1.6640141249087506] [-1.1010483592590303:2.4117204150198308] [-2.80125189971363:2.344421918538075] [-3.4505616073533636:1.1377723493837408] [-1.9325376946973805:1.7903257044097263] [-1.439806241470567:1.9587454054724933] [-1.6640141249084788:1.7861647911112213] [-1.7760154527150409:1.6736058593400451] [-1.7861647911108232:1.6640141249088765] [-1.6544521246512607:1.7963470610825534] [-1.6640141249084788:1.7861647911112213] [-1.7760154527150409:1.6736058593400451] [-1.7822416729484392:1.6612445735588626] [-2.4094004440960308:1.1018154181603272] [-1.6851631124965036:1.5919165439263543] [-2.3527479178654032:1.1205740816062015] [-1.3735738413445557:1.3414709577010648] [-2.1627235764089607:1.1836923002932791] [-1.5243962601871881:1.3903856694859211] [-1.2684067588185839:1.5057160450050457]
tree_sizes=2091 2125 2232 2236 2164 2164 2231 2156 2152 2216 2218 2134 2214 2246 2214 2218 2223 2217 2310 2217 2247 2214 2154 2306 2307 2230 2222 2217 2219 2304 2208 2210 2286 2208

Tree=0
num_leaves=24
num_cat=0
split_feature=16 18 0 18 6 0 0 1 0 0 0 1 1 6 7 6 0 1 1 0 1 1 1
split_gain=1.21557e+07 8.45614e+06 8.08675e+06 7.5054e+06 4.96686e+06 3.97291e+06 3.17701e+06 7.27422e+06 2.72354e+06 1.98424e+06 4.50127e+06 1.82444e+06 1.1256e+06 1.00434e+06 1.50869e+06 2.103e+06 872506 1.82431e+06 758172 614682 368366 308188 227382
threshold=-1.367736147676645 0.86456714700361237 0.76434284600672353 -0.051025871155203677 -0.52258856760667594 1.3687285420061661 -0.97283432592310237 0.91185808877566954 -0.8346890239803727 1.0458138987150354 0.89040043402946434 0.17735533071672818 2.09977376619088 0.54113025735236508 -0.26614961182300012 0.14396251426700271 0.32227787978998845 -1.0529780005160576 -0.60005120163549075 1.5742196786459763 -0.90557909025838113 0.48940002444364855 -0.67703224699627407
decision_type=2 2 2 2 2 2 2 2 2 2 2 2 2 2 2 2 2 2 2 2 2 2 2
left_child=-1 3 4 6 22 12 7 11 -8 10 -4 -2 16 14 20 19 17 -5 -15 -16 -10 -13 -3
right_child=1 2 9 5 -6 -7 8 -9 13 -11 -12 21 -14 18 15 -17 -18 -19 -20 -21 -22 -23 -24
leaf_value=8399.5163108963825 8387.1389604335272 8389.8524400446968 8395.0761356837502 8390.833493535707 8395.4349618420856 8387.0619242457324 8396.7139558580893 8396.5129765078109 8394.1612640245003 8394.5428513674578 8400.5350794874703 8389.9302329439743 8388.8423772166752 8390.6802847687286 8394.9988867981974 8390.2103307039997 8390.1934359598163 8394.3898677391844 8393.0769411578258 8392.7646522588584 8395.8665950410941 8391.6041140036759 8391.2142599095532
leaf_weight=27 20 31 33 38 31 33 24 20 29 33 28 22 20 24 24 23 35 23 29 25 23 23 22
leaf_count=27 20 31 33 38 31 33 24 20 29 33 28 22 20 24 24 23 35 23 29 25 23 23 22
internal_value=8392.97 8392.68 8394.52 8391.93 8392.27 8390.12 8392.88 8391.26 8393.57 8396.53 8397.6 8389.64 8390.99 8393.14 8393.63 8392.69 8391.45 8392.17 8391.99 8393.86 8394.92 8390.78 8390.41
internal_weight=640 613 178 435 84 149 286 85 201 94 61 65 116 177 124 72 96 61 53 49 52 45 53
internal_count=640 613 178 435 84 149 286 85 201 94 61 65 116 177 124 72 96 61 53 49 52 45 53
is_linear=0
shrinkage=1


Tree=1
num_leaves=24
num_cat=0
split_feature=16 18 0 18 6 0 0 1 0 0 0 1 1 2 2 6 0 1 1 0 1 1 1
split_gain=1.19155e+07 8.28897e+06 7.92693e+06 7.35695e+06 4.86869e+06 3.8943e+06 3.11434e+06 7.13085e+06 2.66979e+06 1.94504e+06 4.41236e+06 1.78851e+06 1.10349e+06 984510 1.47892e+06 2.06151e+06 855261 1.78824e+06 743208 602550 361108 302111 222869
threshold=-1.367736147676645 0.86456714700361237 0.76434284600672353 -0.051025871155203677 -0.52258856760667594 1.3687285420061661 -0.97283432592310237 0.91185808877566954 -0.8346890239803727 1.0458138987150354 0.89040043402946434 0.17735533071672818 2.09977376619088 -0.035173952511720875 0.035024699025820394 0.14396251426700271 0.32227787978998845 -1.0529780005160576 -0.60005120163549075 1.5742196786459763 -0.90557909025838113 0.48940002444364855 -0.67703224699627407
decision_type=2 2 2 2 2 2 2 2 2 2 2 2 2 2 2 2 2 2 2 2 2 2 2
left_child=-1 3 4 6 22 12 7 11 -8 10 -4 -2 16 18 20 19 17 -5 -10 -16 -15 -13 -3
right_child=1 2 9 5 -6 -7 8 -9 13 -11 -12 21 -14 14 15 -17 -18 -19 -20 -21 -22 -23 -24
leaf_value=6.476607560550466 -5.7780280032488385 -3.091305556175036 2.0804796938149321 -2.1199746911812825 2.4357488465309145 -5.8540723589242223 3.7021042904183883 3.5031759764416384 -2.2717288728193803 1.5524961372168664 7.4852437954084259 -3.0143646869143925 -4.091476957349494 1.1747115116903226 2.0040439410249062 -2.7370320198453704 -2.7536776950142601 1.4010698764077549 0.10115763990846398 -0.20803207306634811 2.8631573822580534 -1.3570665385805327 -1.7430622781289591
leaf_weight=27 20 31 33 38 31 33 24 20 24 33 28 22 20 29 24 23 35 23 29 25 23 23 22
leaf_count=27 20 31 33 38 31 33 24 20 24 33 28 22 20 29 24 23 35 23 29 25 23 23 22
internal_value=0 -0.287287 1.52946 -1.03106 -0.702486 -2.83118 -0.0919001 -1.69432 0.586745 3.52124 4.57773 -3.2994 -1.96262 0.160616 0.648012 -0.280383 -1.51151 -0.792111 -0.977839 0.879156 1.92965 -2.17708 -2.54033
internal_weight=640 613 178 435 84 149 286 85 201 94 61 65 116 177 124 72 96 61 53 49 52 45 53
internal_count=640 613 178 435 84 149 286 85 201 94 61 65 116 177 124 72 96 61 53 49 52 45 53
is_linear=0
shrinkage=0.01


Tree=2
num_leaves=25
num_cat=0
split_feature=16 13 0 16 0 0 0 0 13 0 3 9 13 3 3 9 0 13 13 13 3 3 13 13
split_gain=1.16801e+07 6.91171e+06 1.27654e+07 3.78096e+06 4.26591e+06 3.59631e+06 3.79618e+06 3.42629e+06 4.44682e+06 2.77497e+06 1.81301e+06 1.68736e+06 1.62735e+06 1.57476e+06 1.54994e+06 1.51656e+06 1.47654e+06 4.75804e+06 1.31697e+06 917625 728539 354290 267358 193100
threshold=-1.367736147676645 -0.43587528876907239 0.76434284600672353 -1.3462982001002015 -1.6963703448481493 -0.97283432592310237 -0.8346890239803727 1.5517710670802829 -0.96418094365764306 0.55885170936691309 -1.43535149195093 0.53733718335025793 1.0814681496686531 -0.84891746507236887 0.77578698758353271 -0.012992280653692111 0.89040043402946434 -0.069910572619487812 -0.79920270646820146 1.0111403344831209 -0.022847899887828645 -0.14025720500012276 0.84871162603083838 0.90433181836286358
decision_type=2 2 2 2 2 2 2 2 2 2 2 2 2 2 2 2 2 2 2 2 2 2 2 2
left_child=-1 3 5 4 -2 -3 -7 8 -5 10 12 13 -8 19 -10 -14 -4 -18 -16 -12 -13 -11 -15 -24
right_child=1 2 16 7 -6 6 9 -9 14 21 11 20 15 22 18 -17 17 -19 -20 -21 -22 -23 23 -25
leaf_value=6.4123177389537593 -2.555356608475789 -3.5106169875101609 2.0598002535463813 -6.52900642031973 3.9443528007280708 3.665389210094105 -3.1857457900373904 0.36104093874202059 -4.3297511119670693 -3.4930347947468836 -1.5071656508672806 -2.2491993322451251 -2.1288718829768718 3.0873939674824209 -2.7451046235896337 1.6187847097988788 2.1982310157088758 8.0942722440357056 0.59246760993168279 1.0974605973126139 0.10015295577375856 -1.7257887824806009 1.0372484397888184 2.3485230880926462
leaf_weight=27 20 35 33 35 20 24 29 27 22 25 25 24 20 22 24 23 32 24 23 29 29 22 22 24
leaf_count=27 20 35 33 35 20 24 29 27 22 25 25 24 20 22 24 23 32 24 23 29 29 22 22 24
internal_value=0 -0.284436 0.376148 -1.99036 0.697928 -0.477684 -0.141871 -2.81103 -3.63367 -0.454952 -0.0303711 0.519192 -1.36387 1.16586 -2.15039 -0.126074 3.75619 4.74494 -1.11621 -0.109478 -0.968142 -2.67665 2.176 1.72862
internal_weight=640 613 442 171 40 353 318 131 104 294 247 175 72 122 69 43 89 56 47 54 53 47 68 46
internal_count=640 613 442 171 40 353 318 131 104 294 247 175 72 122 69 43 89 56 47 54 53 47 68 46
is_linear=0
shrinkage=0.01


Tree=3
num_leaves=25
num_cat=0
split_feature=2 2 19 13 1 1 19 1 1 2 1 2 13 1 6 1 1 1 13 1 1 13 13 1
split_gain=7.61608e+06 1.16235e+07 1.23918e+07 3.75111e+06 4.99899e+06 2.70005e+06 4.32932e+06 4.18186e+06 3.72125e+06 2.72021e+06 1.77721e+06 1.65407e+06 1.59517e+06 1.54371e+06 1.48667e+06 1.45849e+06 4.59853e+06 1.4439e+06 899500 714160 347287 262088 189286 123841
threshold=0.87986019653783354 0.26689808585699726 -1.2440409563023744 -1.4414554318425259 0.95839190462203672 -0.067751948350732658 -1.1592317544468285 2.0674220278714457 -0.33511041236008582 0.13112622609216529 -1.0529780005160576 -0.035173952511720875 1.0814681496686531 -0.9608639775505009 -0.0079973178700072454 -0.21881656404443484 0.069118565054586065 0.17735533071672818 1.0111403344831209 -0.60005120163549075 -0.67703224699627407 0.84871162603083838 0.90433181836286358 0.58508162586697854
decision_type=2 2 2 2 2 2 2 2 2 2 2 2 2 2 2 2 2 2 2 2 2 2 2 2
left_child=1 2 -1 -2 -5 8 7 -7 9 10 12 19 -4 18 -14 -3 -17 -8 -13 -12 -11 -15 -23 -19
right_child=3 15 5 4 -6 6 17 -9 -10 20 11 13 14 21 -16 16 -18 23 -20 -21 -22 22 -24 -25
leaf_value=6.3486660222446218 -0.11294199126860054 2.0393262215120247 -3.1541065707272047 -1.7799321822673952 -7.815109688464938 3.9052998336943068 -5.6860614790302693 -2.5300561330814171 3.6290382977950673 -3.458381778247773 -2.226893154806342 -1.4922137693374875 -2.1077939092050686 3.0567981300697671 1.6027364773585879 8.0139981633966624 2.2548085429294997 -2.9937712527022642 1.0865610731464543 0.099158336169099151 -1.7086864120895799 1.0269693058460683 2.3252319865581419 -1.9723806042141385
leaf_weight=27 36 33 29 34 23 20 20 20 24 25 24 25 20 22 23 24 33 27 29 29 22 22 24 25
leaf_count=27 36 33 29 34 23 20 20 20 24 25 24 25 20 22 23 24 33 27 29 29 22 22 24 25
internal_value=5.30035e-06 0.450071 -0.197345 -2.64243 -4.23401 -0.611136 -1.94488 0.691018 -0.140461 -0.450436 -0.0300656 0.514045 -1.35033 1.1543 -0.124837 3.73067 4.69929 -3.40713 -0.108399 -0.958541 -2.65011 2.15443 1.71148 -2.51218
internal_weight=640 547 457 93 57 430 112 40 318 294 247 175 72 122 43 90 57 72 54 53 47 68 46 52
internal_count=640 547 457 93 57 430 112 40 318 294 247 175 72 122 43 90 57 72 54 53 47 68 46 52
is_linear=0
shrinkage=0.01


Tree=4
num_leaves=24
num_cat=0
split_feature=16 13 0 16 0 0 0 0 13 6 0 3 6 0 13 13 2 2 6 3 3 3 3
split_gain=1.12232e+07 6.65752e+06 1.22582e+07 3.63876e+06 4.09946e+06 3.43344e+06 3.6478e+06 3.30787e+06 4.29233e+06 2.67418e+06 2.2774e+06 1.51581e+06 1.47125e+06 1.41839e+06 4.57348e+06 1.29089e+06 996458 1.43997e+06 2.14501e+06 700064 337820 215446 200095
threshold=-1.367736147676645 -0.43587528876907239 0.76434284600672353 -1.3462982001002015 -1.6963703448481493 -0.97283432592310237 -0.8346890239803727 1.5517710670802829 -0.96418094365764306 -0.52258856760667594 0.35681420527567081 0.77578698758353271 -0.0079973178700072454 0.89040043402946434 -0.069910572619487812 -0.79920270646820146 -0.035173952511720875 0.035024699025820394 0.14396251426700271 -0.022847899887828645 -0.64534925660770814 -0.14025720500012276 -1.8073538397245721
decision_type=2 2 2 2 2 2 2 2 2 2 2 2 2 2 2 2 2 2 2 2 2 2 2
left_child=-1 3 5 4 -2 -3 -7 8 -5 21 12 -10 22 -4 -15 -13 19 20 -19 -14 -18 -8 -11
right_child=1 2 13 7 -6 6 9 -9 11 10 -12 15 16 14 -16 -17 17 18 -20 -21 -22 -23 -24
leaf_value=6.2856461883993715 -2.5050059414854142 -3.4306455458836123 2.0190559750292674 -6.411053016754714 3.8666334730091663 3.5930477230607973 -3.016705910181388 0.3585782234808978 -4.264374263179195 -2.4873063746038473 2.5705633368397391 -2.6992739111529893 -2.2048082235036803 2.153977256798596 7.9345206419889598 0.60498633894427079 1.1603073598260749 1.5649047419650497 -2.6911347136004218 0.098173462332111508 2.7938388456147294 -1.691753603273684 -1.2583678176640214
leaf_weight=27 20 35 33 35 20 24 31 27 22 21 30 24 24 32 24 23 29 24 23 29 23 22 38
leaf_count=27 20 35 33 35 20 24 31 27 22 21 30 24 24 32 24 23 29 24 23 29 23 22 38
internal_value=6.43589e-08 -0.278814 0.36951 -1.95308 0.684176 -0.467186 -0.139064 -2.75817 -3.56647 -0.445965 0.00197006 -2.10919 -0.365316 3.68171 4.65079 -1.08656 0.155359 0.747333 -0.520395 -0.949036 1.89079 -2.47517 -1.70273
internal_weight=640 613 442 171 40 353 318 131 104 294 241 69 211 89 56 47 152 99 47 53 52 53 59
internal_count=640 613 442 171 40 353 318 131 104 294 241 69 211 89 56 47 152 99 47 53 52 53 59
is_linear=0
shrinkage=0.01


Tree=5
num_leaves=24
num_cat=0
split_feature=16 13 0 16 0 0 0 0 13 6 0 1 6 0 1 13 1 1 6 1 1 1 1
split_gain=1.10015e+07 6.52595e+06 1.2016e+07 3.56689e+06 4.01868e+06 3.36549e+06 3.5758e+06 3.24249e+06 4.20727e+06 2.62133e+06 2.23239e+06 1.48593e+06 1.44219e+06 1.39042e+06 4.48328e+06 1.26542e+06 976787 1.41155e+06 2.10268e+06 686247 331163 211170 196168
threshold=-1.367736147676645 -0.43587528876907239 0.76434284600672353 -1.3462982001002015 -1.6963703448481493 -0.97283432592310237 -0.8346890239803727 1.5517710670802829 -0.96418094365764306 -0.52258856760667594 0.35681420527567081 0.60097667785869258 -0.0079973178700072454 0.89040043402946434 0.069118565054586065 -0.79920270646820146 -0.77863425818780396 -1.0251930449787461 0.14396251426700271 -0.60005120163549075 -0.90557909025838113 -0.67703224699627407 -1.0797000574294591
decision_type=2 2 2 2 2 2 2 2 2 2 2 2 2 2 2 2 2 2 2 2 2 2 2
left_child=-1 3 5 4 -2 -3 -7 8 -5 21 12 -10 22 -4 -15 -13 17 18 -14 -18 -19 -8 -11
right_child=1 2 13 7 -6 6 9 -9 11 10 -12 15 16 14 -16 -17 19 20 -20 -21 -22 -23 -24
leaf_value=6.2232519200268914 -2.4802039129427165 -3.3965338972210879 1.9989871112409843 -6.3473066553202546 3.8283499568523744 3.5574141188692456 -2.9867323018495853 0.35501885428148156 -4.2221147032041806 -2.4626678639537882 2.5450279589204601 -2.6725042699388233 1.5493850496780774 7.8558310667936473 2.1325710321509317 0.59898865568226789 -2.1829424205496291 1.1487837505340577 -2.6644553441014787 0.097198436162243149 2.7661413087515996 -1.6749883868243245 -1.2458500583508874
leaf_weight=27 20 35 33 35 20 24 31 27 22 21 30 24 24 24 32 23 24 29 23 29 23 22 38
leaf_count=27 20 35 33 35 20 24 31 27 22 21 30 24 24 24 32 23 24 29 23 29 23 22 38
internal_value=7.39902e-06 -0.276038 0.365847 -1.93367 0.677402 -0.462542 -0.137683 -2.73078 -3.53105 -0.441541 0.0019466 -2.08828 -0.361692 3.64516 4.60464 -1.07579 0.153815 0.739917 -0.515238 -0.939624 1.87203 -2.4506 -1.68583
internal_weight=640 613 442 171 40 353 318 131 104 294 241 69 211 89 56 47 152 99 47 53 52 53 59
internal_count=640 613 442 171 40 353 318 131 104 294 241 69 211 89 56 47 152 99 47 53 52 53 59
is_linear=0
shrinkage=0.01


Tree=6
num_leaves=25
num_cat=0
split_feature=0 0 19 13 0 0 19 0 0 0 3 6 13 3 3 6 0 13 13 3 3 13 13 3
split_gain=7.16002e+06 1.09646e+07 1.1675e+07 3.59649e+06 4.74966e+06 2.55357e+06 4.08933e+06 3.9395e+06 3.50523e+06 2.57265e+06 1.69882e+06 1.56835e+06 1.5344e+06 1.4431e+06 1.40788e+06 1.39467e+06 1.37725e+06 4.32332e+06 904087 672702 330285 266835 189573 112800
threshold=1.1874128332063332 0.76434284600672353 -1.2440409563023744 -1.4414554318425259 1.3687285420061661 -0.97283432592310237 -1.1592317544468285 -1.6963703448481493 -0.8346890239803727 0.55885170936691309 -1.43535149195093 0.54113025735236508 1.0814681496686531 -0.84891746507236887 0.59895326477362099 -0.0079973178700072454 0.89040043402946434 -0.069910572619487812 1.0111403344831209 -0.022847899887828645 -0.14025720500012276 0.84871162603083838 0.90433181836286358 0.77020851036281301
decision_type=2 2 2 2 2 2 2 2 2 2 2 2 2 2 2 2 2 2 2 2 2 2 2 2
left_child=1 2 -1 -2 -5 6 7 -4 -7 10 12 13 -10 18 -8 -14 -3 -18 -12 -13 -11 -15 -23 -16
right_child=3 16 5 4 -6 8 14 -9 9 20 11 19 15 21 23 -17 17 -19 -20 -21 -22 22 -24 -25
leaf_value=6.1614769509259393 -0.085421571784256564 1.9791174321002267 -2.4556475395731407 -1.7284658706397338 -7.6111484545674832 3.5221339983979534 -5.5621678637514016 3.7904454478650993 -3.0882558843534289 -3.3645144477462958 -1.4812171475849456 -2.1612933932848213 -2.0379150194224742 3.0036599298425619 -2.888963434941628 1.5559727481315877 2.1936361865537708 7.7779220606275841 1.1041165294385937 0.096233296851589253 -1.6583892952858867 0.96389513129586579 2.2616923475659583 -1.9129772422427223
leaf_weight=27 36 33 20 34 23 24 20 20 29 25 25 24 20 22 27 23 33 24 29 29 22 22 24 25
leaf_count=27 36 33 20 34 23 24 20 20 29 25 25 24 20 22 27 23 33 24 29 29 22 22 24 25
internal_value=1.45782e-05 0.436398 -0.1924 -2.56209 -4.12051 -0.594046 -1.8911 0.670694 -0.136316 -0.43716 -0.0283514 0.503624 -1.31917 1.12707 -3.31225 -0.117276 3.62265 4.56391 -0.0938278 -0.930306 -2.57633 2.09406 1.64789 -2.42889
internal_weight=640 547 457 93 57 430 112 40 318 294 247 175 72 122 72 43 90 57 54 53 47 68 46 52
internal_count=640 547 457 93 57 430 112 40 318 294 247 175 72 122 72 43 90 57 54 53 47 68 46 52
is_linear=0
shrinkage=0.01


Tree=7
num_leaves=24
num_cat=0
split_feature=0 0 19 13 0 0 19 0 0 6 0 6 6 1 0 1 13 6 6 0 1 1 1
split_gain=7.01863e+06 1.0748e+07 1.14444e+07 3.52549e+06 4.65603e+06 2.50319e+06 4.00867e+06 3.86188e+06 3.43604e+06 2.53107e+06 2.15363e+06 1.39803e+06 1.89368e+06 1.38019e+06 1.35008e+06 4.23807e+06 881584 1.36717e+06 660132 621073 572402 205568 110568
threshold=1.1874128332063332 0.76434284600672353 -1.2440409563023744 -1.4414554318425259 1.3687285420061661 -0.97283432592310237 -1.1592317544468285 -1.6963703448481493 -0.8346890239803727 -0.52258856760667594 0.35681420527567081 0.24411785817548587 0.51004756441523202 0.17735533071672818 0.89040043402946434 0.069118565054586065 1.0814681496686531 -0.0079973178700072454 -0.13923535471559506 -0.62401743851770985 -0.90557909025838113 -0.67703224699627407 0.58508162586697854
decision_type=2 2 2 2 2 2 2 2 2 2 2 2 2 2 2 2 2 2 2 2 2 2 2
left_child=1 2 -1 -2 -5 6 7 -4 -7 21 11 16 20 -8 -3 -16 18 -18 -11 -14 -13 -10 -15
right_child=3 14 5 4 -6 8 13 -9 9 10 -12 12 19 22 15 -17 17 -19 -20 -21 -22 -23 -24
leaf_value=6.1003152364843043 -0.084572160942119778 1.9594454197711253 -2.4313340594980977 -1.7112821061429919 -7.5356931564725684 3.4872039441825926 -5.5070968072721271 3.7529162597656249 -2.935873554578194 -1.2201125395610068 2.500777791300357 0.95941502208598173 -0.043124532266096631 -2.8602860844836515 7.7007857166637086 2.1718321485404504 -2.0177377334443651 1.5405471104589004 -3.4688916038286566 -2.2122969152342598 3.0939308140065407 -1.6419549436826963 -1.8939991384839254
leaf_weight=27 36 33 20 34 23 24 20 20 31 38 30 34 35 27 24 33 20 23 20 21 20 22 25
leaf_count=27 36 33 20 34 23 24 20 20 31 38 30 34 35 27 24 33 20 23 20 21 20 22 25
internal_value=9.33646e-06 0.432062 -0.190494 -2.53667 -4.07963 -0.588153 -1.87235 0.664054 -0.134961 -0.432821 0.00296305 -0.354204 0.425497 -3.27942 3.58669 4.51862 -1.20255 -0.116125 -2.00483 -0.86156 1.75849 -2.40699 -2.40478
internal_weight=640 547 457 93 57 430 112 40 318 294 241 211 110 72 90 57 101 43 58 56 54 53 52
internal_count=640 547 457 93 57 430 112 40 318 294 241 211 110 72 90 57 101 43 58 56 54 53 52
is_linear=0
shrinkage=0.01


Tree=8
num_leaves=24
num_cat=0
split_feature=0 0 19 13 0 0 19 0 0 6 0 6 6 1 0 1 13 6 6 0 1 1 1
split_gain=6.88001e+06 1.05358e+07 1.12184e+07 3.45588e+06 4.56424e+06 2.4538e+06 3.92961e+06 3.78578e+06 3.36823e+06 2.48104e+06 2.11106e+06 1.37044e+06 1.85632e+06 1.35304e+06 1.32346e+06 4.1545e+06 864170 1.34022e+06 647158 608830 561144 201489 108381
threshold=1.1874128332063332 0.76434284600672353 -1.2440409563023744 -1.4414554318425259 1.3687285420061661 -0.97283432592310237 -1.1592317544468285 -1.6963703448481493 -0.8346890239803727 -0.52258856760667594 0.35681420527567081 0.24411785817548587 0.51004756441523202 0.17735533071672818 0.89040043402946434 0.069118565054586065 1.0814681496686531 -0.0079973178700072454 -0.13923535471559506 -0.62401743851770985 -0.90557909025838113 -0.67703224699627407 0.58508162586697854
decision_type=2 2 2 2 2 2 2 2 2 2 2 2 2 2 2 2 2 2 2 2 2 2 2
left_child=1 2 -1 -2 -5 6 7 -4 -7 21 11 16 20 -8 -3 -16 18 -18 -11 -14 -13 -10 -15
right_child=3 14 5 4 -6 8 13 -9 9 10 -12 12 19 22 15 -17 17 -19 -20 -21 -22 -23 -24
leaf_value=6.039760814835045 -0.083731066561535561 1.9399690634945788 -2.4072614605592029 -1.6942694330494306 -7.4609858440530719 3.4526199492147147 -5.4525712383383578 3.7157587364876621 -2.9067029685240526 -1.2079752713348229 2.4759355607490665 0.94987704360694214 -0.04269573211669922 -2.8318936196846121 7.6244140429536182 2.1502445831069026 -1.9977600656641594 1.525274484897482 -3.4345462527133455 -2.1903826985269221 3.0632979460990071 -1.6256832081562766 -1.8752096260918509
leaf_weight=27 36 33 20 34 23 24 20 20 31 38 30 34 35 27 24 33 20 23 20 21 20 22 25
leaf_count=27 36 33 20 34 23 24 20 20 31 38 30 34 35 27 24 33 20 23 20 21 20 22 25
internal_value=1.97679e-06 0.427767 -0.18861 -2.5115 -4.03916 -0.582323 -1.85379 0.657479 -0.133624 -0.42853 0.00292616 -0.350693 0.421274 -3.24691 3.55109 4.47378 -1.19063 -0.114986 -1.98494 -0.853025 1.74106 -2.38309 -2.38092
internal_weight=640 547 457 93 57 430 112 40 318 294 241 211 110 72 90 57 101 43 58 56 54 53 52
internal_count=640 547 457 93 57 430 112 40 318 294 241 211 110 72 90 57 101 43 58 56 54 53 52
is_linear=0
shrinkage=0.01


Tree=9
num_leaves=25
num_cat=0
split_feature=16 18 0 18 6 0 0 1 0 0 0 1 1 5 0 0 1 0 6 1 6 1 1 1
split_gain=1.01576e+07 7.0621e+06 6.78269e+06 6.37449e+06 4.19773e+06 3.27219e+06 2.62142e+06 6.1716e+06 2.27109e+06 1.66353e+06 3.77704e+06 1.61888e+06 1.00726e+06 854956 1.33107e+06 823378 1.61348e+06 789765 1.45742e+06 1.41162e+06 1.95942e+06 430948 266308 197490
threshold=-1.367736147676645 0.86456714700361237 0.76434284600672353 -0.051025871155203677 -0.52258856760667594 1.3687285420061661 -0.97283432592310237 0.91185808877566954 -0.8346890239803727 1.0458138987150354 0.89040043402946434 0.17735533071672818 2.09977376619088 -0.33041109653731826 1.5897610251145335 0.32227787978998845 -1.0529780005160576 -0.62401743851770985 0.51004756441523202 -1.0251930449787461 0.14396251426700271 -0.90557909025838113 0.48940002444364855 -0.67703224699627407
decision_type=2 2 2 2 2 2 2 2 2 2 2 2 2 2 2 2 2 2 2 2 2 2 2 2
left_child=-1 3 4 6 23 12 7 11 -8 10 -4 -2 15 17 -15 16 -5 -10 19 20 -19 -21 -13 -3
right_child=1 2 9 5 -6 -7 8 -9 13 -11 -12 22 -14 14 -16 -17 -18 18 -20 21 -22 -23 -24 -25
leaf_value=5.9798072893479288 -5.3985851620211465 -2.8778223029772443 1.9206861836077216 -1.956244201660156 2.2610664272614014 -5.3984399825406362 3.4183789869576446 3.2874146595567759 2.3024644052757406 1.4333952996816979 6.921183476008423 -2.7595248821189813 -3.8648144468930692 -2.9419770091595034 0.69174135718015162 -2.6189109085364772 1.3881547460884884 1.530839838817202 -2.168685338362208 1.1171599742157821 -2.579662450593093 3.0329681695805921 -1.2051121770924536 -1.6095728240141998
leaf_weight=27 20 31 33 38 31 33 24 20 21 33 28 22 20 20 20 35 23 23 21 29 23 20 23 22
leaf_count=27 20 31 33 38 31 33 24 20 21 33 28 22 20 20 20 35 23 23 21 29 23 20 23 22
internal_value=-2.11173e-06 -0.265253 1.41166 -0.951775 -0.652913 -2.6274 -0.0775794 -1.54773 0.545042 3.25409 4.23113 -3.041 -1.83115 0.152013 -1.13069 -1.4003 -0.694809 0.527635 0.202911 0.730623 -0.52666 1.90829 -1.97392 -2.35943
internal_weight=640 613 178 435 84 149 286 85 201 94 61 65 116 177 40 96 61 137 116 95 46 49 45 53
internal_count=640 613 178 435 84 149 286 85 201 94 61 65 116 177 40 96 61 137 116 95 46 49 45 53
is_linear=0
shrinkage=0.01


Tree=10
num_leaves=25
num_cat=0
split_feature=16 18 1 18 6 2 2 1 2 1 1 1 1 5 1 2 1 2 6 1 6 1 1 1
split_gain=9.95699e+06 6.92248e+06 6.64864e+06 6.24841e+06 4.11476e+06 3.20744e+06 2.56972e+06 6.04997e+06 2.22627e+06 1.63067e+06 3.70244e+06 1.587e+06 987476 838105 1.30485e+06 807103 1.58159e+06 774198 1.42869e+06 1.38377e+06 1.92076e+06 422471 261057 193571
threshold=-1.367736147676645 0.86456714700361237 -0.45672055956151097 -0.051025871155203677 -0.52258856760667594 1.3242118588882841 -0.41578563177857325 0.91185808877566954 -0.24641111367273175 0.10864842931768449 -0.21881656404443484 0.17735533071672818 2.09977376619088 -0.33041109653731826 1.6816792949005677 0.060690753441669611 -1.0529780005160576 -0.077381853405360176 0.51004756441523202 -1.0251930449787461 0.14396251426700271 -0.90557909025838113 0.48940002444364855 -0.67703224699627407
decision_type=2 2 2 2 2 2 2 2 2 2 2 2 2 2 2 2 2 2 2 2 2 2 2 2
left_child=-1 3 4 6 23 12 7 11 -8 10 -4 -2 15 17 -15 16 -5 -10 19 20 -19 -21 -13 -3
right_child=1 2 9 5 -6 -7 8 -9 13 -11 -12 22 -14 14 -16 -17 -18 18 -20 21 -22 -23 -24 -25
leaf_value=5.9204486532772282 -5.3451338071162162 -2.8492284134106756 1.9015952502101297 -1.9367840228654951 2.2386006457377703 -5.3447807939368559 3.384477803884459 3.2548660006381498 2.2796571040603348 1.4191477225200237 6.8524626408570217 -2.7321782573493749 -3.8265490184444015 -2.9128484841148454 0.6848924572633045 -2.5928706712072547 1.3743928968495336 1.5156634669468321 -2.147203151414979 1.1060648579793435 -2.5540882679511761 3.0029387357919526 -1.1931650714216562 -1.5936222688142245
leaf_weight=27 20 31 33 38 31 33 24 20 21 33 28 22 20 20 20 35 23 23 21 29 23 20 23 22
leaf_count=27 20 31 33 38 31 33 24 20 21 33 28 22 20 20 20 35 23 23 21 29 23 20 23 22
internal_value=-2.34244e-06 -0.26262 1.39764 -0.942323 -0.646437 -2.6013 -0.0768152 -1.5324 0.539636 3.22176 4.18911 -3.01088 -1.81296 0.150504 -1.1195 -1.38636 -0.68788 0.522405 0.200898 0.723382 -0.521438 1.88938 -1.95435 -2.336
internal_weight=640 613 178 435 84 149 286 85 201 94 61 65 116 177 40 96 61 137 116 95 46 49 45 53
internal_count=640 613 178 435 84 149 286 85 201 94 61 65 116 177 40 96 61 137 116 95 46 49 45 53
is_linear=0
shrinkage=0.01


Tree=11
num_leaves=24
num_cat=0
split_feature=16 18 0 18 6 0 0 5 0 0 0 5 2 2 2 6 0 5 5 0 5 5 5
split_gain=9.76029e+06 6.78562e+06 6.51725e+06 6.12482e+06 4.03343e+06 3.14397e+06 2.51904e+06 5.93073e+06 2.18233e+06 1.59845e+06 3.62931e+06 1.55575e+06 968076 825869 1.26192e+06 1.7549e+06 791149 1.55032e+06 631251 530494 296299 255910 189730
threshold=-1.367736147676645 0.86456714700361237 0.76434284600672353 -0.051025871155203677 -0.52258856760667594 1.3687285420061661 -0.97283432592310237 0.98800768826281593 -0.8346890239803727 1.0458138987150354 0.89040043402946434 0.37589341850843944 -2.4308337262653756 -0.035173952511720875 0.035024699025820394 0.14396251426700271 0.32227787978998845 -1.2594402609149022 -0.47388165825900613 1.5742196786459763 -0.94161198460391338 0.65148776589817281 -0.57942886317914255
decision_type=2 2 2 2 2 2 2 2 2 2 2 2 2 2 2 2 2 2 2 2 2 2 2
left_child=-1 3 4 6 22 12 7 11 -8 10 -4 -2 -5 18 20 19 17 -14 -10 -16 -15 -13 -3
right_child=1 2 9 5 -6 -7 8 -9 13 -11 -12 21 16 14 15 -17 -18 -19 -20 -21 -22 -23 -24
leaf_value=5.8616797189151546 -5.2922119397456111 -2.8209189138045678 1.8826937153827712 -3.7886622241936108 2.2163581696534771 -5.2916548230274616 3.3509126924877326 3.2226395589998451 -2.0861580724164477 1.4050417315241799 6.7844241441226174 -2.705102622143857 -1.9175177245614416 1.095079940116569 1.8631887051290716 -2.528767608116413 -2.5670891334793784 1.3607673868639716 0.10066248436496683 -0.21230082943325951 2.6250925542568337 -1.1813361950578363 -1.5778296223202268
leaf_weight=27 20 31 33 20 31 33 24 20 24 33 28 22 38 29 24 23 35 23 29 25 23 23 22
leaf_count=27 20 31 33 20 31 33 24 20 24 33 28 22 38 29 24 23 35 23 29 25 23 23 22
internal_value=-2.57724e-06 -0.260014 1.38375 -0.932964 -0.640025 -2.57545 -0.0760586 -1.51721 0.534283 3.18976 4.1475 -2.98106 -1.79495 0.14901 0.595413 -0.262164 -1.37257 -0.681019 -0.893697 0.807687 1.7793 -1.93498 -2.31281
internal_weight=640 613 178 435 84 149 286 85 201 94 61 65 116 177 124 72 96 61 53 49 52 45 53
internal_count=640 613 178 435 84 149 286 85 201 94 61 65 116 177 124 72 96 61 53 49 52 45 53
is_linear=0
shrinkage=0.01


Tree=12
num_leaves=25
num_cat=0
split_feature=16 18 0 18 6 0 0 1 0 0 0 1 1 5 0 0 1 0 6 1 6 1 1 1
split_gain=9.56749e+06 6.65147e+06 6.38845e+06 6.00367e+06 3.9537e+06 3.08176e+06 2.46935e+06 5.81385e+06 2.13926e+06 1.56687e+06 3.55762e+06 1.52511e+06 949058 818994 1.28144e+06 775512 1.51967e+06 765282 1.37967e+06 1.33335e+06 1.84239e+06 407538 250864 185964
threshold=-1.367736147676645 0.86456714700361237 0.76434284600672353 -0.051025871155203677 -0.52258856760667594 1.3687285420061661 -0.97283432592310237 0.91185808877566954 -0.8346890239803727 1.0458138987150354 0.89040043402946434 0.17735533071672818 2.09977376619088 -0.33041109653731826 1.5897610251145335 0.32227787978998845 -1.0529780005160576 -0.62401743851770985 0.51004756441523202 -1.0251930449787461 0.14396251426700271 -0.90557909025838113 0.48940002444364855 -0.67703224699627407
decision_type=2 2 2 2 2 2 2 2 2 2 2 2 2 2 2 2 2 2 2 2 2 2 2 2
left_child=-1 3 4 6 23 12 7 11 -8 10 -4 -2 15 17 -15 16 -5 -10 19 20 -19 -21 -13 -3
right_child=1 2 9 5 -6 -7 8 -9 13 -11 -12 22 -14 14 -16 -17 -18 18 -20 21 -22 -23 -24 -25
leaf_value=5.803493816151339 -5.2398136036938956 -2.7928905457716726 1.8639802238740115 -1.8984429500240305 2.1943365703484949 -5.2390569429512484 3.3176805505673745 3.1907322224532022 2.2622676374327462 1.3910759438664078 6.717061070651873 -2.6782952971930976 -3.7511507914325977 -2.8851028855012193 0.68021341758199272 -2.5415640111403026 1.3472769763551911 1.482166110400496 -2.1119358037552742 1.0842040781778832 -2.5036979520731957 2.9472156954991937 -1.1696247587532833 -1.5621933801324519
leaf_weight=27 20 31 33 38 31 33 24 20 21 33 28 22 20 20 20 35 23 23 21 29 23 20 23 22
leaf_count=27 20 31 33 38 31 33 24 20 21 33 28 22 20 20 20 35 23 23 21 29 23 20 23 22
internal_value=-3.15899e-06 -0.257433 1.37 -0.923698 -0.633677 -2.54986 -0.0753102 -1.50218 0.528982 3.15808 4.10631 -2.95153 -1.77712 0.14753 -1.1079 -1.35891 -0.674227 0.515168 0.195524 0.70897 -0.512955 1.85353 -1.91581 -2.28985
internal_weight=640 613 178 435 84 149 286 85 201 94 61 65 116 177 40 96 61 137 116 95 46 49 45 53
internal_count=640 613 178 435 84 149 286 85 201 94 61 65 116 177 40 96 61 137 116 95 46 49 45 53
is_linear=0
shrinkage=0.01


Tree=13
num_leaves=25
num_cat=0
split_feature=16 13 0 16 0 0 1 0 0 0 1 1 2 13 1 6 0 1 13 13 1 13 1 13
split_gain=9.37849e+06 5.62989e+06 1.02518e+07 3.1375e+06 3.43073e+06 2.88274e+06 3.67585e+06 2.72738e+06 3.05635e+06 2.25474e+06 1.52153e+06 1.51071e+06 1.39607e+06 1.38598e+06 1.27368e+06 1.21507e+06 1.19319e+06 3.86629e+06 1.19213e+06 922200 614300 302356 295775 200499
threshold=-1.367736147676645 -0.43587528876907239 0.76434284600672353 -1.3462982001002015 -1.6963703448481493 1.5517710670802829 0.95839190462203672 -0.97283432592310237 -0.8346890239803727 0.55885170936691309 -1.0529780005160576 0.60097667785869258 -0.035173952511720875 1.0814681496686531 -0.9608639775505009 -0.0079973178700072454 0.89040043402946434 0.069118565054586065 -0.79920270646820146 1.0111403344831209 -0.60005120163549075 0.84871162603083838 -0.67703224699627407 0.90433181836286358
decision_type=2 2 2 2 2 2 2 2 2 2 2 2 2 2 2 2 2 2 2 2 2 2 2 2
left_child=-1 3 7 4 -2 6 11 -3 -9 10 13 -5 20 -10 19 -15 -4 -18 -13 -14 -12 -16 -11 -23
right_child=1 2 16 5 -6 -7 -8 8 9 22 12 18 14 15 21 -17 17 -19 -20 -21 -22 23 -24 -25
leaf_value=5.7458857558755314 -2.263368692681341 -3.0650925068421793 1.8454527103470031 -4.0627641413233304 3.5655170886351328 0.36725640240837548 -5.8734964724798884 3.2847779102167807 -2.9325563007511506 -3.1606656257689947 -2.0553692105978976 -2.4810546309372472 -1.486199880933005 -1.9016537082785427 2.9361272105467213 1.4528635906351024 7.2783029628785201 1.9636246398072803 0.72677679941571993 1.1248987597635349 0.10187422556419895 0.79750629691390318 -1.5467122947417939 2.1281090816781538
leaf_weight=27 20 35 33 22 20 27 36 24 29 25 24 23 25 20 22 23 24 32 23 29 29 22 22 24
leaf_count=27 20 35 33 22 20 27 36 24 29 25 24 23 25 20 22 23 24 32 23 29 29 22 22 24
internal_value=-3.39072e-06 -0.254878 0.341312 -1.79451 0.654288 -2.5421 -3.29668 -0.423855 -0.131406 -0.412325 -0.029604 -1.91925 0.47385 -1.25121 1.06206 -0.108934 3.37034 4.25916 -0.880914 -0.0849482 -0.879026 1.97051 -2.41497 1.49796
internal_weight=640 613 442 171 40 131 104 353 318 294 247 68 175 72 122 43 89 56 46 54 53 68 47 46
internal_count=640 613 442 171 40 131 104 353 318 294 247 68 175 72 122 43 89 56 46 54 53 68 47 46
is_linear=0
shrinkage=0.01


Tree=14
num_leaves=25
num_cat=0
split_feature=16 18 0 18 6 0 0 1 0 0 0 1 1 15 0 0 1 0 6 1 6 1 1 1
split_gain=9.1932e+06 6.39358e+06 6.14695e+06 5.77537e+06 3.81551e+06 2.94748e+06 2.37437e+06 5.47036e+06 2.50175e+06 1.50252e+06 3.42035e+06 1.08612e+06 918024 804988 1.25487e+06 759728 1.46279e+06 755144 1.33485e+06 1.30118e+06 1.78723e+06 392483 240283 181063
threshold=-1.367736147676645 0.86456714700361237 0.76434284600672353 -0.051025871155203677 -0.52258856760667594 1.3687285420061661 -0.94002481671170401 0.91185808877566954 -0.8346890239803727 1.0458138987150354 0.89040043402946434 0.17735533071672818 2.09977376619088 0.4802774737000382 1.5897610251145335 0.32227787978998845 -1.0529780005160576 -0.62401743851770985 0.51004756441523202 -1.0251930449787461 0.14396251426700271 -0.90557909025838113 0.48940002444364855 -0.67703224699627407
decision_type=2 2 2 2 2 2 2 2 2 2 2 2 2 2 2 2 2 2 2 2 2 2 2 2
left_child=-1 3 4 6 23 12 7 11 -8 10 -4 -2 15 14 -10 16 -5 -15 19 20 -19 -21 -13 -3
right_child=1 2 9 5 -6 -7 8 -9 13 -11 -12 22 -14 17 -16 -17 -18 18 -20 21 -22 -23 -24 -25
leaf_value=5.6888494065228636 -4.5527004827302084 -2.7454611357664449 1.8271093180093418 -1.8569311207876156 2.155944061095898 -5.1304806199131248 3.7803148262455779 3.1374915880259904 -2.8583343271689841 1.3668071363058434 6.5856382026401823 -2.6182330897906878 -3.6862394986294285 2.2449545583185158 0.66984239634900999 -2.5039974190701138 1.327443668102396 1.4549591386729273 -2.077719261241409 1.0725855417120946 -2.4707907818103658 2.9010108490509561 -1.1417861948342161 -1.5313843024313989
leaf_weight=27 23 31 33 38 31 33 21 20 20 33 28 22 20 21 20 35 23 23 21 29 23 20 23 22
leaf_count=27 23 31 33 38 31 33 21 20 20 33 28 22 20 21 20 35 23 23 21 29 23 20 23 22
internal_value=1.401e-06 -0.25234 1.34323 -0.905561 -0.622205 -2.5005 -0.0734605 -1.43833 0.533982 3.09719 4.02575 -2.78943 -1.74477 0.144986 -1.09967 -1.33346 -0.655835 0.509468 0.191953 0.696992 -0.510093 1.82766 -1.87202 -2.24918
internal_weight=640 613 178 435 84 149 286 88 198 94 61 68 116 177 40 96 61 137 116 95 46 49 45 53
internal_count=640 613 178 435 84 149 286 88 198 94 61 68 116 177 40 96 61 137 116 95 46 49 45 53
is_linear=0
shrinkage=0.01


Tree=15
num_leaves=25
num_cat=0
split_feature=16 18 0 18 6 0 0 1 0 0 0 1 1 13 0 0 1 0 6 1 6 1 1 1
split_gain=9.01158e+06 6.26716e+06 6.02547e+06 5.66117e+06 3.74009e+06 2.88916e+06 2.33053e+06 5.50208e+06 2.02128e+06 1.47283e+06 3.3528e+06 1.46637e+06 899989 789122 1.23014e+06 744712 1.43387e+06 740260 1.30853e+06 1.27551e+06 1.75197e+06 384764 235545 177469
threshold=-1.367736147676645 0.86456714700361237 0.76434284600672353 -0.051025871155203677 -0.52258856760667594 1.3687285420061661 -0.97283432592310237 0.91185808877566954 -0.8346890239803727 1.0458138987150354 0.89040043402946434 0.17735533071672818 2.09977376619088 0.4880140809727132 1.5897610251145335 0.32227787978998845 -1.0529780005160576 -0.62401743851770985 0.51004756441523202 -1.0251930449787461 0.14396251426700271 -0.90557909025838113 0.48940002444364855 -0.67703224699627407
decision_type=2 2 2 2 2 2 2 2 2 2 2 2 2 2 2 2 2 2 2 2 2 2 2 2
left_child=-1 3 4 6 23 12 7 11 -8 10 -4 -2 15 14 -10 16 -5 -15 19 20 -19 -21 -13 -3
right_child=1 2 9 5 -6 -7 8 -9 13 -11 -12 22 -14 17 -16 -17 -18 18 -20 21 -22 -23 -24 -25
leaf_value=5.6323789604972392 -5.1125107030585255 -2.7181824330794506 1.8089484198696639 -1.8384590704153967 2.1345227964107809 -5.0794849862248066 3.2250410751468879 3.1064272655826985 -2.8300341168960723 1.3532214677190202 6.5202490834986921 -2.592286450325906 -3.6497421521479541 2.2227169173618533 0.6632102316676981 -2.4790997874736784 1.3142836728589289 1.4405349790638891 -2.0571381386271064 1.0619330727564147 -2.4462960236648033 2.8722877487805811 -1.1304667515590274 -1.5162084615552749
leaf_weight=27 20 31 33 38 31 33 24 20 20 33 28 22 20 21 20 35 23 23 21 29 23 20 23 22
leaf_count=27 20 31 33 38 31 33 24 20 20 33 28 22 20 21 20 35 23 23 21 29 23 20 23 22
internal_value=4.61295e-06 -0.249832 1.32989 -0.896562 -0.616033 -2.47566 -0.072729 -1.45891 0.514331 3.06642 3.98577 -2.86887 -1.72743 0.143546 -1.08878 -1.32019 -0.649293 0.504419 0.190049 0.690084 -0.505036 1.80955 -1.85346 -2.22684
internal_weight=640 613 178 435 84 149 286 85 201 94 61 65 116 177 40 96 61 137 116 95 46 49 45 53
internal_count=640 613 178 435 84 149 286 85 201 94 61 65 116 177 40 96 61 137 116 95 46 49 45 53
is_linear=0
shrinkage=0.01


Tree=16
num_leaves=25
num_cat=0
split_feature=16 18 2 18 6 2 2 3 2 15 2 3 2 5 2 2 3 2 6 2 6 3 3 3
split_gain=8.83356e+06 6.14325e+06 5.90639e+06 5.5492e+06 3.66617e+06 2.83199e+06 2.28585e+06 5.25974e+06 2.41103e+06 1.44401e+06 3.87735e+06 1.04752e+06 882308 773568 1.2059e+06 729992 1.40552e+06 725669 1.28273e+06 1.25035e+06 1.7174e+06 377196 230901 173948
threshold=-1.367736147676645 0.86456714700361237 0.26689808585699726 -0.051025871155203677 -0.52258856760667594 1.3242118588882841 -0.37080429161640188 0.87259498156411708 -0.24641111367273175 -0.089373050044554578 0.39654034497436513 0.59895326477362099 -2.4308337262653756 -0.33041109653731826 2.0500047104346319 0.060690753441669611 -1.43535149195093 -0.077381853405360176 0.51004756441523202 0.035024699025820394 0.14396251426700271 -0.64534925660770814 0.73507685217885543 -0.14025720500012276
decision_type=2 2 2 2 2 2 2 2 2 2 2 2 2 2 2 2 2 2 2 2 2 2 2 2
left_child=-1 3 4 6 23 12 7 11 -8 -4 -11 -2 -5 17 -15 16 -14 -10 19 21 -21 -19 -13 -3
right_child=1 2 9 5 -6 -7 8 -9 13 10 -12 22 15 14 -16 -17 -18 18 -20 20 -22 -23 -24 -25
leaf_value=5.5764694138134221 -4.4676629191431507 -2.6911750330069131 1.4861023047662547 -3.6136059744051185 2.1133144080333222 -5.028996053488858 3.7109222872752063 3.0756705701469196 2.2006994636103792 1.7909680304469831 7.0761457074378153 -2.5665971353891734 -1.8201708365235651 -2.8020138652725972 0.65664381574876252 -2.4544496026296505 1.3012541764357997 1.0513865540778802 -2.0367608423053092 1.4262538179857978 -2.422043842447215 2.8438494334834639 -1.1192595409524853 -1.5011830683871434
leaf_weight=27 23 31 37 20 31 33 21 20 21 33 24 22 38 20 20 35 23 29 21 23 23 20 23 22
leaf_count=27 23 31 37 20 31 33 21 20 21 33 24 22 38 20 20 35 23 29 21 23 23 20 23 22
internal_value=4.27966e-06 -0.247352 1.31667 -0.887658 -0.609923 -2.45106 -0.0720126 -1.4112 0.523998 3.03596 4.03328 -2.73603 -1.71027 0.142122 -1.078 -1.30705 -0.642817 0.49942 0.188163 0.683245 -0.500029 1.79161 -1.83509 -2.20474
internal_weight=640 613 178 435 84 149 286 88 198 94 57 68 116 177 40 96 61 137 116 95 46 49 45 53
internal_count=640 613 178 435 84 149 286 88 198 94 57 68 116 177 40 96 61 137 116 95 46 49 45 53
is_linear=0
shrinkage=0.01


Tree=17
num_leaves=25
num_cat=0
split_feature=16 18 1 18 6 0 0 1 0 1 0 0 1 13 0 0 1 0 6 1 6 1 1 0
split_gain=8.65904e+06 6.02182e+06 5.79873e+06 5.43947e+06 4.04771e+06 2.77595e+06 2.24413e+06 5.29064e+06 1.94873e+06 1.41442e+06 1.23166e+06 3.55382e+06 864975 758321 1.18214e+06 715562 1.37774e+06 711366 1.25744e+06 1.22569e+06 1.68352e+06 369777 226348 19107.5
threshold=-1.367736147676645 0.86456714700361237 -0.48443061684064131 -0.051025871155203677 -0.52258856760667594 1.3687285420061661 -0.97283432592310237 0.91185808877566954 -0.8346890239803727 0.17735533071672818 1.0458138987150354 0.89040043402946434 2.09977376619088 0.4880140809727132 1.5897610251145335 0.32227787978998845 -1.0529780005160576 -0.62401743851770985 0.51004756441523202 -1.0251930449787461 0.14396251426700271 -0.90557909025838113 0.48940002444364855 0.6089293813211526
decision_type=2 2 2 2 2 2 2 2 2 2 2 2 2 2 2 2 2 2 2 2 2 2 2 2
left_child=-1 3 4 6 23 12 7 9 -8 -2 11 -4 15 14 -10 16 -5 -15 19 20 -19 -21 -11 -3
right_child=1 2 10 5 -6 -7 8 -9 13 22 -12 -13 -14 17 -16 -17 -18 18 -20 21 -22 -23 -24 -25
leaf_value=5.5211148466783415 -5.0176576134710027 -2.2842899607884064 1.6948558663572939 -1.8020644138995263 2.0923167242147982 -4.9790091647872003 3.1663934275729599 3.0452184159684892 -2.7742712507861675 -2.5411625382706924 1.3249990653991697 6.3931784374155907 -3.5778277399044227 2.1789000521965747 0.65014251406830137 -2.4300445574996146 1.2883537318788727 1.4121142874092891 -2.0165853101802322 1.0409447181388125 -2.3980322436628669 2.8156925788728318 -1.1081634662891258 -2.799657206664214
leaf_weight=27 20 26 38 38 31 33 24 20 20 22 33 28 20 21 20 35 23 23 21 29 23 20 23 22
leaf_count=27 20 26 38 38 31 33 24 20 20 22 33 28 20 21 20 35 23 23 21 29 23 20 23 22
internal_value=9.78805e-06 -0.244891 1.3036 -0.878837 -0.716168 -2.4267 -0.0712956 -1.43154 0.50478 -2.81414 2.91354 3.70139 -1.69329 0.140711 -1.06732 -1.29404 -0.636406 0.49447 0.186297 0.676474 -0.495071 1.77385 -1.81691 -2.53116
internal_weight=640 613 178 435 79 149 286 85 201 65 99 66 116 177 40 96 61 137 116 95 46 49 45 48
internal_count=640 613 178 435 79 149 286 85 201 65 99 66 116 177 40 96 61 137 116 95 46 49 45 48
is_linear=0
shrinkage=0.01


Tree=18
num_leaves=26
num_cat=0
split_feature=16 13 0 16 0 0 1 0 0 0 1 1 13 2 1 6 0 1 13 0 1 1 13 1 13
split_gain=8.488e+06 5.1186e+06 9.30814e+06 2.91784e+06 3.10841e+06 2.68557e+06 3.37447e+06 2.40211e+06 2.78946e+06 2.04814e+06 1.71064e+06 1.39923e+06 1.2905e+06 1.28602e+06 1.17397e+06 1.10407e+06 1.08782e+06 3.5222e+06 924051 803736 585185 362626 324315 275136 206014
threshold=-1.367736147676645 -0.43587528876907239 0.76434284600672353 -1.3462982001002015 -1.6963703448481493 1.5517710670802829 0.93764200909522744 -0.97283432592310237 -0.8346890239803727 0.55885170936691309 0.60097667785869258 -1.0529780005160576 1.0814681496686531 -0.035173952511720875 -0.9608639775505009 -0.0079973178700072454 0.89040043402946434 0.069118565054586065 1.0111403344831209 1.2478514028062777 -0.60005120163549075 1.2766574219527114 0.84871162603083838 -0.67703224699627407 0.90433181836286358
decision_type=2 2 2 2 2 2 2 2 2 2 2 2 2 2 2 2 2 2 2 2 2 2 2 2 2
left_child=-1 3 7 4 -2 6 10 -3 -9 11 -5 12 -10 20 18 -14 -4 -18 -15 -12 -13 -8 -16 -11 -24
right_child=1 2 16 5 -6 -7 21 8 9 23 19 13 15 14 22 -17 17 -19 -20 -21 -22 -23 24 -25 -26
leaf_value=5.4663096113765937 -2.1264679740679147 -2.8818357875130394 1.7563196867058073 -3.972483962462829 3.4219169042606166 0.37648183177827921 -6.4269128093152954 3.1349912116941341 -2.8261115212636452 -3.0247249143085781 0.90905243448691808 -1.9960168130732765 -1.8103736681041154 -1.4887122284419954 2.8859746213002246 1.3872416341715845 6.942565605226628 1.8699450683593748 1.1250061839900607 -1.8486008620047354 0.10942276680306214 -4.3841413905833022 0.6908561270086615 -1.4686849973867606 2.0374089187432913
leaf_weight=27 20 35 33 22 20 27 20 24 29 25 20 24 20 25 22 23 24 32 29 22 29 20 22 22 24
leaf_count=27 20 35 33 22 20 27 20 24 29 25 20 24 20 25 22 23 24 32 29 22 29 20 22 22 24
internal_value=6.26729e-06 -0.242463 0.32601 -1.71052 0.650922 -2.43147 -3.15979 -0.403091 -0.12863 -0.397001 -1.72687 -0.0322326 -1.20371 0.450566 1.01512 -0.101494 3.21227 4.06091 -0.0860584 -0.537324 -0.847885 -5.43245 1.88729 -2.3057 1.39921
internal_weight=640 613 442 171 40 131 104 353 318 294 64 247 72 175 122 43 89 56 54 42 53 40 68 47 46
internal_count=640 613 442 171 40 131 104 353 318 294 64 247 72 175 122 43 89 56 54 42 53 40 68 47 46
is_linear=0
shrinkage=0.01


Tree=19
num_leaves=25
num_cat=0
split_feature=0 0 19 13 0 0 19 0 0 0 1 13 2 1 1 0 1 6 13 1 13 1 13 1
split_gain=5.39806e+06 8.58166e+06 9.03473e+06 3.06201e+06 3.9878e+06 1.9828e+06 3.34884e+06 3.04716e+06 2.7344e+06 2.00773e+06 1.3716e+06 1.26499e+06 1.26064e+06 1.15081e+06 1.08964e+06 1.08543e+06 3.37665e+06 1.0823e+06 905799 573635 317923 269698 201947 69243.3
threshold=1.1874128332063332 0.76434284600672353 -1.2440409563023744 -1.4414554318425259 1.3687285420061661 -0.97283432592310237 -1.1592317544468285 -1.6963703448481493 -0.8346890239803727 0.55885170936691309 -1.0529780005160576 1.0814681496686531 -0.035173952511720875 -0.9608639775505009 0.17735533071672818 0.89040043402946434 0.069118565054586065 -0.0079973178700072454 1.0111403344831209 -0.60005120163549075 0.84871162603083838 -0.67703224699627407 0.90433181836286358 0.58508162586697854
decision_type=2 2 2 2 2 2 2 2 2 2 2 2 2 2 2 2 2 2 2 2 2 2 2 2
left_child=1 2 -1 -2 -5 6 7 -4 -7 10 11 -10 19 18 -8 -3 -17 -13 -14 -12 -15 -11 -22 -16
right_child=3 15 5 4 -6 8 14 -9 9 21 12 17 13 20 23 16 -18 -19 -20 -21 22 -23 -24 -25
leaf_value=5.4120484584920545 0.05977974523167584 1.7388621084374114 -2.1054138648155889 -1.4716239019862392 -6.8607775410290426 3.103900338165031 -4.9394445392873028 3.3880364967572807 -2.7980440552593913 -2.9947176124936057 -1.9762216367603334 -1.7924492441309563 -1.4739431132967511 2.857374938930477 -2.5471189857931695 6.873713888373258 1.9385420921049921 1.373488662325103 1.1138331016122478 0.10833602748505056 0.68400968792202255 -1.4541303241145505 2.0172032988367001 -1.7710949467855788
leaf_weight=27 36 33 20 34 23 24 20 20 29 25 24 20 25 22 27 24 33 23 29 29 22 22 24 25
leaf_count=27 36 33 20 34 23 24 20 20 29 25 24 20 25 22 27 24 33 23 29 29 22 22 24 25
internal_value=0 0.378904 -0.177381 -2.22463 -3.6626 -0.5307 -1.67365 0.644477 -0.127351 -0.393061 -0.0319092 -1.19176 0.446099 1.00505 -2.95972 3.19773 4.03329 -0.100499 -0.0852111 -0.839477 1.86858 -2.28283 1.38533 -2.18226
internal_weight=640 547 457 93 57 430 112 40 318 294 247 72 175 122 72 90 57 43 54 53 68 47 46 52
internal_count=640 547 457 93 57 430 112 40 318 294 247 72 175 122 72 90 57 43 54 53 68 47 46 52
is_linear=0
shrinkage=0.01


Tree=20
num_leaves=25
num_cat=0
split_feature=16 13 2 16 1 2 1 1 1 2 1 1 13 2 13 1 6 1 1 13 1 13 1 13
split_gain=8.15599e+06 4.93248e+06 8.93708e+06 2.8088e+06 2.98712e+06 2.59148e+06 3.26385e+06 2.28998e+06 2.68043e+06 1.96811e+06 1.46473e+06 1.34451e+06 1.23997e+06 1.23576e+06 1.18242e+06 1.12812e+06 1.06096e+06 1.04487e+06 3.38584e+06 887908 562313 311656 264368 197959
threshold=-1.367736147676645 -0.43587528876907239 0.26689808585699726 -1.3462982001002015 2.0674220278714457 1.9095998557031248 0.95839190462203672 -0.067751948350732658 -0.33511041236008582 0.13112622609216529 0.60097667785869258 -1.0529780005160576 1.0814681496686531 -0.035173952511720875 -0.79920270646820146 -0.9608639775505009 -0.0079973178700072454 -0.21881656404443484 0.069118565054586065 1.0111403344831209 -0.60005120163549075 0.84871162603083838 -0.67703224699627407 0.90433181836286358
decision_type=2 2 2 2 2 2 2 2 2 2 2 2 2 2 2 2 2 2 2 2 2 2 2 2
left_child=-1 3 7 4 -2 6 10 8 9 11 -5 12 -3 20 -12 19 -14 -4 -19 -15 -13 -17 -11 -23
right_child=1 2 17 5 -6 -7 -8 -9 -10 22 14 13 16 15 -16 21 -18 18 -20 -21 -22 23 -24 -25
leaf_value=5.3583258076275095 3.3544914351359449 -2.7702551692805879 1.7215782528612986 -3.914121252523886 -2.0845682400996144 0.3721512649295961 -5.529712963736519 -2.8142619041963055 3.0731179569969491 -2.9650081628466411 -2.3755483719398236 -1.9566227993849388 -1.7747022149114327 -1.4593208821614585 0.81876448614843966 2.8290585519601632 1.3598723503638959 6.8055445972158894 1.8320968267784352 1.1027710621977507 0.10726009995970007 0.67723139359070383 -1.439719951646822 1.9971979172367693
leaf_weight=27 20 29 33 22 20 27 36 35 24 25 23 24 20 25 23 22 23 24 32 29 29 22 22 24
leaf_count=27 20 29 33 22 20 27 36 35 24 25 23 24 20 25 23 22 23 24 32 29 29 22 22 24
internal_value=-2.09179e-06 -0.237686 0.320357 -1.67881 0.638096 -2.38616 -3.10161 -0.394064 -0.126085 -0.38916 -1.80368 -0.0315891 -1.17994 0.441676 -0.78174 0.995089 -0.0995126 3.1485 3.98023 -0.0843722 -0.831152 1.85006 -2.26019 1.3716
internal_weight=640 613 442 171 40 131 104 353 318 294 68 247 72 175 46 122 43 89 56 54 53 68 47 46
internal_count=640 613 442 171 40 131 104 353 318 294 68 247 72 175 46 122 43 89 56 54 53 68 47 46
is_linear=0
shrinkage=0.01


Tree=21
num_leaves=25
num_cat=0
split_feature=16 18 1 18 6 0 0 1 0 0 0 1 1 5 0 0 6 1 6 0 1 1 1 0
split_gain=7.99486e+06 5.55868e+06 5.39783e+06 5.03799e+06 3.79964e+06 2.54438e+06 2.08518e+06 4.82199e+06 2.20618e+06 1.14013e+06 3.2709e+06 997867 824707 748071 1.15653e+06 710764 1.18497e+06 1.18635e+06 1.59994e+06 688667 1.27788e+06 343410 206327 18669.7
threshold=-1.367736147676645 0.86456714700361237 -0.48443061684064131 -0.051025871155203677 -0.52258856760667594 1.3687285420061661 -0.94002481671170401 0.91185808877566954 -0.8346890239803727 1.0458138987150354 0.89040043402946434 0.17735533071672818 2.09977376619088 -0.33041109653731826 1.5897610251145335 -0.62401743851770985 0.51004756441523202 -1.0251930449787461 0.14396251426700271 0.32227787978998845 -1.0529780005160576 -0.90557909025838113 0.48940002444364855 0.6089293813211526
decision_type=2 2 2 2 2 2 2 2 2 2 2 2 2 2 2 2 2 2 2 2 2 2 2 2
left_child=-1 3 4 6 23 12 7 11 -8 10 -4 -2 19 15 -15 -10 17 18 -17 20 -5 -19 -13 -3
right_child=1 2 9 5 -6 -7 8 -9 13 -11 -12 22 -14 14 -16 16 -18 21 -20 -21 -22 -23 -24 -25
leaf_value=5.3051366246447849 -4.3045660308311726 -2.2126692584088743 1.6386398990491295 -1.7197048842345231 2.0248165737054284 -4.7776104505952581 3.5505562433206808 2.9497930273679227 2.1717967512022773 1.2773243681206758 6.1461943303101467 -2.4273832778243332 -3.4718915912892561 -2.7514570231897997 0.63570126372988867 1.3626584737054233 -1.9584010442585316 1.0289474911559118 -2.3517417095447408 -2.3564817096428436 1.2565641774802374 2.7396935634801882 -1.0591959946731042 -2.7182708436948757
leaf_weight=27 23 26 38 38 31 33 21 20 21 33 28 22 20 20 20 23 21 29 23 35 23 20 23 22
leaf_count=27 23 26 38 38 31 33 21 20 21 33 28 22 20 20 20 23 21 29 23 35 23 20 23 22
internal_value=2.12492e-06 -0.235319 1.25243 -0.844398 -0.696253 -2.33404 -0.067231 -1.34629 0.502017 2.80572 3.56374 -2.6148 -1.63186 0.136722 -1.06312 0.488086 0.180054 0.655896 -0.496661 -1.24209 -0.59705 1.73553 -1.73589 -2.45474
internal_weight=640 613 178 435 79 149 286 88 198 99 66 68 116 177 40 137 116 95 46 96 61 49 45 48
internal_count=640 613 178 435 79 149 286 88 198 99 66 68 116 177 40 137 116 95 46 96 61 49 45 48
is_linear=0
shrinkage=0.01


Tree=22
num_leaves=24
num_cat=0
split_feature=0 0 19 13 0 0 19 0 0 6 0 6 6 3 0 13 13 6 6 0 3 3 3
split_gain=5.06593e+06 8.10408e+06 8.5141e+06 2.94319e+06 3.80913e+06 1.87385e+06 3.18345e+06 2.87067e+06 2.58471e+06 1.89427e+06 1.66564e+06 1.13756e+06 1.49468e+06 1.0449e+06 1.02573e+06 3.1847e+06 729076 1.02056e+06 543592 473210 420435 164069 62387
threshold=1.1874128332063332 0.76434284600672353 -1.2440409563023744 -1.4414554318425259 1.3687285420061661 -0.97283432592310237 -1.1592317544468285 -1.6963703448481493 -0.8346890239803727 -0.52258856760667594 0.35681420527567081 0.24411785817548587 0.51004756441523202 0.59895326477362099 0.89040043402946434 -0.069910572619487812 1.0814681496686531 -0.0079973178700072454 -0.13923535471559506 -0.62401743851770985 -0.64534925660770814 -0.14025720500012276 0.77020851036281301
decision_type=2 2 2 2 2 2 2 2 2 2 2 2 2 2 2 2 2 2 2 2 2 2 2
left_child=1 2 -1 -2 -5 6 7 -4 -7 21 11 16 20 -8 -3 -16 18 -18 -11 -14 -13 -10 -15
right_child=3 14 5 4 -6 8 13 -9 9 10 -12 12 19 22 15 -17 17 -19 -20 -21 -22 -23 -24
leaf_value=5.2524753263417416 0.084403513156248042 1.688178402084902 -2.0365762287555351 -1.4236773104416693 -6.6905763697624208 3.0171661969649892 -4.8200559891804611 3.2954258901766029 -2.562612799620017 -1.1026050883188296 2.190960895588856 0.88239967178880119 -0.045516908819025217 -2.4674667969871971 1.8842312291156813 6.6770979220808044 -1.7401041948677292 1.3342103178747768 -3.1431966755177712 -1.9390020003408757 2.712567813986599 -1.4083277111225301 -1.7287320176381911
leaf_weight=27 36 33 20 34 23 24 20 20 31 38 30 34 35 27 33 24 20 23 20 21 20 22 25
leaf_count=27 36 33 20 34 23 24 20 20 31 38 30 34 35 27 33 24 20 23 20 21 20 22 25
internal_value=2.01984e-06 0.367065 -0.173519 -2.1551 -3.5649 -0.516506 -1.62761 0.632531 -0.124395 -0.382729 -0.00571556 -0.319823 0.383502 -2.88153 3.10634 3.91859 -1.08507 -0.0971163 -1.81466 -0.759965 1.56777 -2.09059 -2.12031
internal_weight=640 547 457 93 57 430 112 40 318 294 241 211 110 72 90 57 101 43 58 56 54 53 52
internal_count=640 547 457 93 57 430 112 40 318 294 241 211 110 72 90 57 101 43 58 56 54 53 52
is_linear=0
shrinkage=0.01


Tree=23
num_leaves=26
num_cat=0
split_feature=16 13 2 16 1 2 1 1 1 2 1 1 13 2 1 6 1 1 13 2 1 1 13 1 13
split_gain=7.68213e+06 4.66459e+06 8.4188e+06 2.66875e+06 2.81411e+06 2.46917e+06 3.1112e+06 2.12644e+06 2.5337e+06 1.85893e+06 1.6433e+06 1.27858e+06 1.18253e+06 1.17445e+06 1.06569e+06 1.00044e+06 985110 3.1993e+06 882693 783577 539832 345178 318736 253370 198575
threshold=-1.367736147676645 -0.43587528876907239 0.26689808585699726 -1.3462982001002015 2.0674220278714457 1.9095998557031248 0.93764200909522744 -0.067751948350732658 -0.33511041236008582 0.13112622609216529 0.60097667785869258 -1.0529780005160576 1.0814681496686531 -0.035173952511720875 -0.9608639775505009 -0.0079973178700072454 -0.21881656404443484 0.069118565054586065 1.0186326782813764 1.0140914143390776 -0.60005120163549075 1.2766574219527114 0.84871162603083838 -0.67703224699627407 0.90433181836286358
decision_type=2 2 2 2 2 2 2 2 2 2 2 2 2 2 2 2 2 2 2 2 2 2 2 2 2
left_child=-1 3 7 4 -2 6 10 8 9 11 -5 12 -3 20 18 -14 -4 -18 -15 -12 -13 -8 -16 -11 -24
right_child=1 2 16 5 -6 -7 21 -9 -10 23 19 13 15 14 22 -17 17 -19 -20 -21 -22 -23 24 -25 -26
leaf_value=5.2003367046748892 3.2627978931087078 -2.704302361370766 1.6713985783220773 -3.8450489862115536 -2.0164121771330881 0.37077078048797213 -6.1703259040931666 -2.7135761971907182 2.9872438818561142 -2.8872162676614428 0.94927129764368046 -1.9135010141577602 -1.7228753903832768 -1.3071199019411779 2.7900529141469042 1.3209832447972791 6.6108786143153173 1.776422206333705 1.2422435507155558 -1.7734006269128475 0.10868220603629335 -4.182396158086191 0.62261528685286249 -1.394371320277721 1.9436408780428989
leaf_weight=27 20 29 33 22 20 27 20 35 24 25 20 24 20 28 22 23 24 32 26 22 29 20 22 22 24
leaf_count=27 20 29 33 22 20 27 20 35 24 25 20 24 20 28 22 23 24 32 26 22 29 20 22 22 24
internal_value=-1.43162e-06 -0.230677 0.312 -1.63212 0.626268 -2.32161 -3.01997 -0.381396 -0.123163 -0.378935 -1.64415 -0.031423 -1.15126 0.430092 0.969602 -0.0961637 3.05691 3.8645 -0.0795756 -0.478512 -0.810756 -5.20214 1.80058 -2.19733 1.3173
internal_weight=640 613 442 171 40 131 104 353 318 294 64 247 72 175 122 43 89 56 54 42 53 40 68 47 46
internal_count=640 613 442 171 40 131 104 353 318 294 64 247 72 175 122 43 89 56 54 42 53 40 68 47 46
is_linear=0
shrinkage=0.01


Tree=24
num_leaves=26
num_cat=0
split_feature=16 18 1 18 6 2 2 1 2 1 1 1 1 16 2 13 1 1 2 6 1 6 1 1 1
split_gain=7.53039e+06 5.23476e+06 5.1085e+06 4.75492e+06 3.60207e+06 2.3898e+06 1.97196e+06 4.57704e+06 2.08943e+06 1.07741e+06 3.07406e+06 963824 797361 1.18047e+06 1.52692e+06 735103 1.13189e+06 714656 702120 1.12462e+06 1.1363e+06 1.52472e+06 323258 192441 19559.6
threshold=-1.367736147676645 0.86456714700361237 -0.48443061684064131 -0.051025871155203677 -0.52258856760667594 1.3242118588882841 -0.37080429161640188 0.91185808877566954 -0.24641111367273175 0.10864842931768449 -0.21881656404443484 0.17735533071672818 -0.98251614058750947 -1.3487133489987875 1.088453864720474 0.4880140809727132 1.6816792949005677 -1.0605950507727342 -0.077381853405360176 0.51004756441523202 -1.0251930449787461 0.14396251426700271 -0.90557909025838113 0.48940002444364855 -0.69278214000761196
decision_type=2 2 2 2 2 2 2 2 2 2 2 2 2 2 2 2 2 2 2 2 2 2 2 2 2
left_child=-1 3 4 6 24 12 7 11 -8 10 -4 -2 17 -14 -15 16 -10 -5 -17 20 21 -20 -22 -13 -3
right_child=1 2 9 5 -6 -7 8 -9 15 -11 -12 23 13 14 -16 18 -18 -19 19 -21 22 -23 -24 -25 -26
leaf_value=5.148715821574716 -4.204710522355704 -2.1496304950277314 1.5969854979989415 -1.6079104545317497 1.9690157793729735 -4.6348438015616082 3.4559079612875885 2.8772334705012863 -2.7260045609379757 1.2406934503762117 5.9668869320889746 -2.3484168587074623 -0.35350384400622681 -5.2949012371101007 -1.4682194080009117 2.1553812451632517 0.62490057916924513 0.74387795358333964 1.3264912138314082 -1.9074962023968969 1.0103078692110434 -2.2995452249461206 2.6703084107200699 -1.0269767968407992 -2.6575963748038349
leaf_weight=27 23 26 38 33 31 33 21 20 20 33 28 22 20 20 22 21 20 21 23 21 29 23 20 23 22
leaf_count=27 23 26 38 33 31 33 21 20 20 33 28 22 20 20 22 21 20 21 23 21 29 23 20 23 22
internal_value=-6.87916e-06 -0.228393 1.21536 -0.81946 -0.680375 -2.26665 -0.0644424 -1.30829 0.489135 2.72645 3.46332 -2.54416 -1.58612 -2.35843 -3.30693 0.133636 -1.05575 -0.693938 0.481943 0.175796 0.639363 -0.488612 1.69598 -1.68057 -2.39253
internal_weight=640 613 178 435 79 149 286 88 198 99 66 68 116 62 42 177 40 54 137 116 95 46 49 45 48
internal_count=640 613 178 435 79 149 286 88 198 99 66 68 116 62 42 177 40 54 137 116 95 46 49 45 48
is_linear=0
shrinkage=0.01


Tree=25
num_leaves=25
num_cat=0
split_feature=16 13 0 16 0 0 1 0 0 6 1 0 6 6 0 1 0 13 6 6 0 1 1 1
split_gain=7.38165e+06 4.49094e+06 8.09548e+06 2.57157e+06 2.72145e+06 2.389e+06 3.00651e+06 2.03074e+06 2.44278e+06 1.79231e+06 1.60854e+06 1.57992e+06 1.08736e+06 1.42501e+06 947950 3.08279e+06 761722 696450 962704 524962 448743 396285 344438 158344
threshold=-1.367736147676645 -0.43587528876907239 0.76434284600672353 -1.3462982001002015 -1.6963703448481493 1.5517710670802829 0.93764200909522744 -0.97283432592310237 -0.8346890239803727 -0.52258856760667594 0.60097667785869258 0.35681420527567081 0.24411785817548587 0.51004756441523202 0.89040043402946434 0.069118565054586065 1.2478514028062777 1.0814681496686531 -0.0079973178700072454 -0.13923535471559506 -0.62401743851770985 -0.90557909025838113 1.2766574219527114 -0.67703224699627407
decision_type=2 2 2 2 2 2 2 2 2 2 2 2 2 2 2 2 2 2 2 2 2 2 2 2
left_child=-1 3 7 4 -2 6 10 -3 -9 23 -5 12 17 21 -4 -16 -12 19 -19 -11 -15 -14 -8 -10
right_child=1 2 14 5 -6 -7 22 8 9 11 16 -13 13 20 15 -17 -18 18 -20 -21 -22 -23 -24 -25
leaf_value=5.0976072915862591 -1.9831626223573591 -2.6526967391100795 1.6389114834888869 -3.7900183885591527 3.2084029879428373 0.37021278332261481 -6.0754845861869287 2.9328417306695105 -2.4972091749386909 -1.073167046551929 0.94828775160383472 2.1337392044067385 0.86689887505874297 -0.044714821035211738 6.4861404871743575 1.7405671381506118 -1.7361052403149304 -1.6898972192141091 1.2960015356129615 -3.0783464329785644 -1.8886012677426609 2.643869542792292 -4.0941166407519045 -1.3637988156670924
leaf_weight=27 20 35 33 22 20 27 20 24 31 38 20 30 34 35 24 32 22 20 23 20 21 20 20 22
leaf_count=27 20 35 33 22 20 27 20 24 31 38 20 30 34 35 24 32 22 20 23 20 21 20 20 22
internal_value=-1.27357e-05 -0.226132 0.306347 -1.60124 0.615643 -2.27806 -2.96499 -0.373604 -0.121248 -0.372389 -1.61253 -0.00566147 -0.311579 0.376051 2.99804 3.79025 -0.459363 -1.05976 -0.0941594 -1.77283 -0.74045 1.53238 -5.11012 -2.03365
internal_weight=640 613 442 171 40 131 104 353 318 294 64 241 211 110 89 56 42 101 43 58 56 54 40 53
internal_count=640 613 442 171 40 131 104 353 318 294 64 241 211 110 89 56 42 101 43 58 56 54 40 53
is_linear=0
shrinkage=0.01


Tree=26
num_leaves=25
num_cat=0
split_feature=16 18 3 18 9 2 2 3 2 2 2 3 2 5 2 2 9 2 9 2 3 3 3 2
split_gain=7.23585e+06 5.03425e+06 4.9221e+06 4.56163e+06 3.46412e+06 2.29247e+06 1.90537e+06 4.42429e+06 2.01367e+06 1.03437e+06 2.95053e+06 942726 786563 721922 1.10765e+06 689363 1.08138e+06 1.09194e+06 1.46731e+06 638249 1.19985e+06 310148 180815 20436.1
threshold=-1.367736147676645 0.86456714700361237 0.11335283674722707 -0.051025871155203677 -0.52597413909022239 1.3242118588882841 -0.37080429161640188 0.87259498156411708 -0.24641111367273175 0.61505897258857234 0.39654034497436513 0.59895326477362099 -2.4308337262653756 -0.33041109653731826 2.0500047104346319 -0.077381853405360176 0.50610570613063499 0.035024699025820394 0.13899784518090882 0.060690753441669611 -1.43535149195093 -0.64534925660770814 0.73507685217885543 0.15667732754494706
decision_type=2 2 2 2 2 2 2 2 2 2 2 2 2 2 2 2 2 2 2 2 2 2 2 2
left_child=-1 3 4 6 23 12 7 11 -8 10 -4 -2 -5 15 -15 -10 17 21 -19 20 -14 -17 -13 -3
right_child=1 2 9 5 -6 -7 8 -9 13 -11 -12 22 19 14 -16 16 -18 18 -20 -21 -22 -23 -24 -25
leaf_value=5.0470059339263864 -4.1439502413519493 -2.1035167746507484 1.5687260468967297 -3.3512341690063479 1.9292790799263195 -4.5404727327967258 3.3926231988870872 2.8284094245835103 2.1344735192352871 1.2193898138942489 5.8499709101940729 -2.2952700427630996 -1.6409604033624936 -2.6998043576797635 0.61504802439472472 0.99166443973371432 -1.8698934210471387 1.3023779254124082 -2.2547325308569546 -2.2467301700331945 1.2429419774022596 2.6176928125513661 -1.0139424629869134 -2.615192146516061
leaf_weight=27 23 26 38 20 31 33 21 20 21 33 28 22 38 20 20 29 21 23 23 35 23 20 23 22
leaf_count=27 23 26 38 20 31 33 21 20 21 33 28 22 38 20 20 29 21 23 23 35 23 20 23 22
internal_value=-2.07344e-05 -0.223896 1.19194 -0.803532 -0.668888 -2.22101 -0.064019 -1.28668 0.480131 2.6752 3.39721 -2.50176 -1.55447 0.131137 -1.04754 0.476308 0.172957 0.627525 -0.478217 -1.17394 -0.553063 1.66331 -1.64778 -2.34793
internal_weight=640 613 178 435 79 149 286 88 198 99 66 68 116 177 40 137 116 95 46 96 61 49 45 48
internal_count=640 613 178 435 79 149 286 88 198 99 66 68 116 177 40 137 116 95 46 96 61 49 45 48
is_linear=0
shrinkage=0.01


Tree=27
num_leaves=25
num_cat=0
split_feature=16 18 1 18 9 0 0 1 0 1 0 1 1 5 0 0 9 1 9 0 1 1 1 0
split_gain=7.09291e+06 4.93465e+06 4.82486e+06 4.47144e+06 3.39569e+06 2.24711e+06 1.86776e+06 4.33707e+06 1.97398e+06 1.01409e+06 3.405e+06 924123 771109 707693 1.08582e+06 675775 1.06006e+06 1.0704e+06 1.43836e+06 625633 1.17613e+06 304048 177250 20036.2
threshold=-1.367736147676645 0.86456714700361237 -0.48443061684064131 -0.051025871155203677 -0.52597413909022239 1.3687285420061661 -0.94002481671170401 0.91185808877566954 -0.8346890239803727 0.069118565054586065 0.89040043402946434 0.17735533071672818 2.09977376619088 -0.33041109653731826 1.5897610251145335 -0.62401743851770985 0.50610570613063499 -1.0251930449787461 0.13899784518090882 0.32227787978998845 -1.0529780005160576 -0.90557909025838113 0.48940002444364855 0.6089293813211526
decision_type=2 2 2 2 2 2 2 2 2 2 2 2 2 2 2 2 2 2 2 2 2 2 2 2
left_child=-1 3 4 6 23 12 7 11 -8 10 -4 -2 19 15 -15 -10 17 18 -17 20 -5 -19 -13 -3
right_child=1 2 9 5 -6 -7 8 -9 13 -11 -12 22 -14 14 -16 16 -18 21 -20 -21 -22 -23 -24 -25
leaf_value=4.9969070346565809 -4.1028679643828294 -2.0826421862886155 1.5531208833225107 -1.6246368464125389 1.9101100782247691 -4.4953416228007113 3.3590170691148291 2.8004052938329114 2.1133302645413381 1.3281881123204382 6.3637986232032464 -2.2725241439406934 -3.318053596043351 -2.6730735247205981 0.60895831721844074 1.2894664708499253 -1.8513708755205265 0.98181551209867823 -2.2323795871076912 -2.2243904347853225 1.230619748871902 2.5917749416238007 -1.0038903953289164 -2.5892756346217145
leaf_weight=27 23 26 38 38 31 33 21 20 21 37 24 22 20 20 20 23 21 29 23 35 23 20 23 22
leaf_count=27 23 26 38 38 31 33 21 20 21 37 24 22 20 20 20 23 21 29 23 35 23 20 23 22
internal_value=-2.06191e-05 -0.221673 1.18008 -0.795547 -0.662269 -2.19894 -0.0633815 -1.27392 0.475373 2.64863 3.42981 -2.47696 -1.53903 0.129835 -1.03717 0.471588 0.171241 0.621305 -0.473476 -1.16226 -0.547545 1.64683 -1.63144 -2.32465
internal_weight=640 613 178 435 79 149 286 88 198 99 62 68 116 177 40 137 116 95 46 96 61 49 45 48
internal_count=640 613 178 435 79 149 286 88 198 99 62 68 116 177 40 137 116 95 46 96 61 49 45 48
is_linear=0
shrinkage=0.01


Tree=28
num_leaves=25
num_cat=0
split_feature=0 0 19 13 0 0 19 0 0 0 1 13 2 1 1 0 1 6 13 1 13 1 13 0
split_gain=4.41566e+06 7.24821e+06 7.56865e+06 2.71759e+06 3.54277e+06 1.69275e+06 2.90508e+06 2.56303e+06 2.31736e+06 1.68958e+06 1.18245e+06 1.10285e+06 1.08419e+06 971249 951761 918149 2.82688e+06 908622 888530 511503 337846 239501 203273 72844.8
threshold=1.1874128332063332 0.76434284600672353 -1.2440409563023744 -1.4414554318425259 1.3687285420061661 -0.97283432592310237 -1.1592317544468285 -1.6963703448481493 -0.8346890239803727 0.55885170936691309 -1.0529780005160576 1.0814681496686531 -0.035173952511720875 -0.9608639775505009 0.17735533071672818 0.89040043402946434 0.069118565054586065 -0.0079973178700072454 1.0186326782813764 -0.60005120163549075 0.84871162603083838 -0.67703224699627407 0.90433181836286358 -1.197320441580038
decision_type=2 2 2 2 2 2 2 2 2 2 2 2 2 2 2 2 2 2 2 2 2 2 2 2
left_child=1 2 -1 -2 -5 6 7 -4 -7 10 11 -10 19 18 -8 -3 -17 -13 -14 -12 -15 -11 -22 -16
right_child=3 15 5 4 -6 8 14 -9 9 21 12 17 13 20 23 16 -18 -19 -20 -21 22 -23 -24 -25
leaf_value=4.9473054219344084 0.13958736266879088 1.5915906085738214 -1.9110732741403109 -1.3022812080383299 -6.3810041938979056 2.8553903273905603 -4.5959184846783625 3.1271538528593461 -2.6092890041821626 -2.7679159824431889 -1.8543747481826907 -1.6408329682302949 -1.3036174822868185 2.7406246298712653 -2.3230642254752398 6.3006865723665104 1.7849759223662225 1.2599829256123511 1.2541582582197117 0.11398416493036977 0.52494814176817206 -1.3174609943392042 1.8597494615602099 -1.5152149986040477
leaf_weight=27 36 33 20 34 23 24 20 20 29 25 24 20 28 22 32 24 33 23 26 29 22 22 24 20
leaf_count=27 36 33 20 34 23 24 20 20 29 25 24 20 28 22 32 24 33 23 26 29 22 22 24 20
internal_value=-1.83299e-05 0.342675 -0.168565 -2.01206 -3.36675 -0.491947 -1.54799 0.61104 -0.119265 -0.363873 -0.0325664 -1.10948 0.411262 0.929628 -2.74584 2.93327 3.70173 -0.0905607 -0.0719938 -0.78095 1.72293 -2.09746 1.22642 -2.01937
internal_weight=640 547 457 93 57 430 112 40 318 294 247 72 175 122 72 90 57 43 54 53 68 47 46 52
internal_count=640 547 457 93 57 430 112 40 318 294 247 72 175 122 72 90 57 43 54 53 68 47 46 52
is_linear=0
shrinkage=0.01


Tree=29
num_leaves=26
num_cat=0
split_feature=16 18 1 18 6 2 2 1 2 1 1 2 1 5 1 2 6 1 6 18 2 2 1 1 1
split_gain=6.81545e+06 4.73645e+06 5.35646e+06 3.76315e+06 3.10254e+06 2.4805e+06 1.79225e+06 4.17811e+06 1.90166e+06 1.00644e+06 2.85106e+06 896343 893888 694628 1.06431e+06 666367 1.02562e+06 1.04611e+06 1.39649e+06 618981 356027 683934 292346 175963 19610
threshold=-1.367736147676645 0.95786639278040375 -0.48443061684064131 -0.051025871155203677 -0.52258856760667594 1.3242118588882841 -0.37080429161640188 0.91185808877566954 -0.24641111367273175 -0.21881656404443484 0.069118565054586065 0.043965160510519713 0.17735533071672818 -0.33041109653731826 1.6816792949005677 -0.077381853405360176 0.51004756441523202 -1.0251930449787461 0.14396251426700271 0.82144097508794134 1.0140914143390776 0.047616586691072847 -0.90557909025838113 0.48940002444364855 -0.69278214000761196
decision_type=2 2 2 2 2 2 2 2 2 2 2 2 2 2 2 2 2 2 2 2 2 2 2 2 2
left_child=-1 3 4 6 24 11 7 12 -8 -4 -11 -5 -2 15 -15 -10 17 18 -17 20 21 -13 -19 -14 -3
right_child=1 2 9 5 -6 -7 8 -9 13 10 -12 19 23 14 -16 16 -18 22 -20 -21 -22 -23 -24 -25 -26
leaf_value=4.8981960774870483 -4.0262654067730077 -2.0471218743943074 1.5256462362798717 -2.7844076104489908 2.1658195768553634 -4.4068735471403739 3.2974591122033461 2.7525090691594793 2.0968378779573262 6.2382005894270325 1.6744609081671105 -0.88484672849541468 -2.2342601769249719 -2.6478121419472269 0.60154698740137691 1.265859481548441 -1.8211654709869962 0.97263362306438084 -2.2043637433545342 -2.3226827563036667 -1.3892927950904486 1.4922442853568805 2.5514804587033715 -0.97090765541997459 -2.5472934304701313
leaf_weight=27 23 26 38 32 23 33 21 20 21 24 32 30 22 20 20 23 21 29 23 22 25 20 20 23 22
leaf_count=27 23 26 38 32 23 33 21 20 21 24 32 30 22 20 20 23 21 29 23 22 25 20 20 23 22
internal_value=-2.13131e-05 -0.217295 1.23018 -0.750718 -0.841819 -1.96746 -0.0606183 -1.24643 0.467131 2.79367 3.64561 -1.33756 -2.42723 0.127981 -1.0282 0.466565 0.16832 0.611014 -0.471262 -0.855491 -0.420069 0.0681268 1.62483 -1.59572 -2.28601
internal_weight=640 613 165 448 71 162 286 88 198 94 56 129 68 177 40 137 116 95 46 97 75 50 49 45 48
internal_count=640 613 165 448 71 162 286 88 198 94 56 129 68 177 40 137 116 95 46 97 75 50 49 45 48
is_linear=0
shrinkage=0.01


Tree=30
num_leaves=25
num_cat=0
split_feature=16 18 1 18 6 0 0 1 0 0 0 1 1 5 0 0 6 1 6 0 1 1 1 0
split_gain=6.6808e+06 4.65541e+06 4.5461e+06 4.23472e+06 3.23023e+06 2.10911e+06 1.75688e+06 4.09574e+06 1.86417e+06 959998 2.72414e+06 876248 736974 680937 1.04334e+06 653232 1.0054e+06 1.02547e+06 1.36894e+06 603706 1.12273e+06 286597 172493 19226.3
threshold=-1.367736147676645 0.86456714700361237 -0.48443061684064131 -0.051025871155203677 -0.52258856760667594 1.3687285420061661 -0.94002481671170401 0.91185808877566954 -0.8346890239803727 1.0458138987150354 0.89040043402946434 0.17735533071672818 2.09977376619088 -0.33041109653731826 1.5897610251145335 -0.62401743851770985 0.51004756441523202 -1.0251930449787461 0.14396251426700271 0.32227787978998845 -1.0529780005160576 -0.90557909025838113 0.48940002444364855 0.6089293813211526
decision_type=2 2 2 2 2 2 2 2 2 2 2 2 2 2 2 2 2 2 2 2 2 2 2 2
left_child=-1 3 4 6 23 12 7 11 -8 10 -4 -2 19 15 -15 -10 17 18 -17 20 -5 -19 -13 -3
right_child=1 2 9 5 -6 -7 8 -9 13 -11 -12 22 -14 14 -16 16 -18 21 -20 -21 -22 -23 -24 -25
leaf_value=4.8495742708093976 -3.9863499634841397 -2.0268069195929375 1.5104697038740387 -1.5791808379008507 1.8669509149209045 -4.3630704504610538 3.2647956085205081 2.7252565810703993 2.0760673155874576 1.1694207094950848 5.6242213922696758 -2.2121188466183774 -3.2380997735202901 -2.621596205305345 0.59559104390663686 1.2533100877959154 -1.8031256101716242 0.96297391061913484 -2.1825101319674789 -2.1739404040033166 1.2104721342284106 2.5262184041089348 -0.96128234304230809 -2.5220502535072531
leaf_weight=27 23 26 38 38 31 33 21 20 21 33 28 22 20 20 20 23 21 29 23 35 23 20 23 22
leaf_count=27 23 26 38 38 31 33 21 20 21 33 28 22 20 20 20 23 21 29 23 35 23 20 23 22
internal_value=-1.72056e-05 -0.215134 1.14638 -0.772535 -0.641957 -2.13827 -0.0600146 -1.23407 0.462501 2.57187 3.26743 -2.40317 -1.49892 0.12671 -1.01802 0.461941 0.16665 0.604958 -0.46659 -1.13061 -0.52681 1.60873 -1.57991 -2.26334
internal_weight=640 613 178 435 79 149 286 88 198 99 66 68 116 177 40 137 116 95 46 96 61 49 45 48
internal_count=640 613 178 435 79 149 286 88 198 99 66 68 116 177 40 137 116 95 46 96 61 49 45 48
is_linear=0
shrinkage=0.01


Tree=31
num_leaves=25
num_cat=0
split_feature=16 18 1 18 6 0 0 1 0 1 0 1 1 5 0 0 6 1 6 0 1 1 1 0
split_gain=6.54883e+06 4.5633e+06 4.45629e+06 4.15098e+06 3.16642e+06 2.06737e+06 1.72221e+06 4.01499e+06 1.82743e+06 943355 3.14735e+06 858957 722494 667516 1.02278e+06 640357 985581 1.00524e+06 1.34193e+06 591773 1.10053e+06 280960 169092 18850.1
threshold=-1.367736147676645 0.86456714700361237 -0.48443061684064131 -0.051025871155203677 -0.52258856760667594 1.3687285420061661 -0.94002481671170401 0.91185808877566954 -0.8346890239803727 0.069118565054586065 0.89040043402946434 0.17735533071672818 2.09977376619088 -0.33041109653731826 1.5897610251145335 -0.62401743851770985 0.51004756441523202 -1.0251930449787461 0.14396251426700271 0.32227787978998845 -1.0529780005160576 -0.90557909025838113 0.48940002444364855 0.6089293813211526
decision_type=2 2 2 2 2 2 2 2 2 2 2 2 2 2 2 2 2 2 2 2 2 2 2 2
left_child=-1 3 4 6 23 12 7 11 -8 10 -4 -2 19 15 -15 -10 17 18 -17 20 -5 -19 -13 -3
right_child=1 2 9 5 -6 -7 8 -9 13 -11 -12 22 -14 14 -16 16 -18 21 -20 -21 -22 -23 -24 -25
leaf_value=4.8014352161744061 -3.9468298905471277 -2.0066937506289881 1.4954439029394018 -1.5634717607747819 1.848401135175656 -4.3197024605073118 3.2324556523449015 2.6982737694164314 2.0555026856908256 1.2728398524048508 6.1205567061999613 -2.1901969000670287 -3.2060394487286556 -2.595639774303625 0.58969407336546653 1.2408849890478728 -1.7852643293704629 0.95341007820547452 -2.1608731822309823 -2.1523244658383454 1.1984718464160788 2.5012062801701007 -0.95175229779605219 -2.4970567404257284
leaf_weight=27 23 26 38 38 31 33 21 20 21 37 24 22 20 20 20 23 21 29 23 35 23 20 23 22
leaf_count=27 23 26 38 38 31 33 21 20 21 37 24 22 20 20 20 23 21 29 23 35 23 20 23 22
internal_value=-1.71006e-05 -0.212999 1.13498 -0.764858 -0.635605 -2.11702 -0.0594169 -1.22183 0.457917 2.54632 3.29975 -2.37935 -1.48404 0.125452 -1.00794 0.457363 0.164997 0.598962 -0.461964 -1.11935 -0.521554 1.59278 -1.56425 -2.24089
internal_weight=640 613 178 435 79 149 286 88 198 99 62 68 116 177 40 137 116 95 46 96 61 49 45 48
internal_count=640 613 178 435 79 149 286 88 198 99 62 68 116 177 40 137 116 95 46 96 61 49 45 48
is_linear=0
shrinkage=0.01


Tree=32
num_leaves=26
num_cat=0
split_feature=16 18 1 18 6 2 2 1 6 1 1 1 2 18 13 16 2 6 1 6 2 2 1 1 1
split_gain=6.41945e+06 4.47475e+06 5.04705e+06 3.5528e+06 2.9299e+06 2.33177e+06 1.68934e+06 4.03714e+06 1.49854e+06 1.14861e+06 951856 2.68862e+06 858795 623079 582668 1.22838e+06 627735 966150 985414 1.31546e+06 335108 645889 275435 165758 18481.3
threshold=-1.367736147676645 0.95786639278040375 -0.48443061684064131 -0.051025871155203677 -0.52258856760667594 1.3242118588882841 -0.41578563177857325 0.91185808877566954 0.86404490064350759 0.17735533071672818 -0.21881656404443484 0.069118565054586065 0.043965160510519713 0.82144097508794134 0.4880140809727132 1.3377283624089524 -0.077381853405360176 0.51004756441523202 -1.0251930449787461 0.14396251426700271 1.0140914143390776 0.047616586691072847 -0.90557909025838113 0.48940002444364855 -0.69278214000761196
decision_type=2 2 2 2 2 2 2 2 2 2 2 2 2 2 2 2 2 2 2 2 2 2 2 2 2
left_child=-1 3 4 6 24 12 7 9 14 -2 -4 -12 -5 20 15 -8 -16 18 19 -18 21 -14 -20 -11 -3
right_child=1 2 10 5 -6 -7 8 -9 -10 23 11 -13 13 -15 16 -17 17 -19 22 -21 -22 -23 -24 -25 -26
leaf_value=4.7537738506934222 -4.4320042102171646 -1.9867799097891072 1.4805677439904334 -2.7170677310635578 2.1075149003390607 -4.276765730840614 -2.5898666410626108 2.6715582094098078 2.891608909400734 -2.1684923070615474 6.059856853169844 1.6280154146466934 -0.84483844378136652 -2.3010154270481418 2.0351413683621389 0.81649008804897094 1.2285830096540782 -1.7675802556523739 0.94394132973396627 -2.1394507878402185 -1.3325908548869785 1.465197875901024 2.4764417640761573 -0.9423167888049423 -2.4723113130449175
leaf_weight=27 20 26 38 32 23 33 21 20 22 22 24 32 30 22 21 21 23 21 29 23 25 20 20 23 22
leaf_count=27 20 26 38 32 23 33 21 20 22 22 24 32 30 22 21 21 23 21 29 23 25 20 20 23 22
internal_value=-1.49468e-05 -0.210883 1.19603 -0.72936 -0.815233 -1.9116 -0.0588252 -1.23902 0.440992 -2.44679 2.7137 3.5422 -1.30087 -0.829032 0.136902 -0.890867 0.452831 0.16336 0.593026 -0.457384 -0.392266 0.0813123 1.577 -1.54875 -2.21867
internal_weight=640 613 165 448 71 162 286 85 201 65 94 56 129 97 179 42 137 116 95 46 75 50 49 45 48
internal_count=640 613 165 448 71 162 286 85 201 65 94 56 129 97 179 42 137 116 95 46 75 50 49 45 48
is_linear=0
shrinkage=0.01


Tree=33
num_leaves=25
num_cat=0
split_feature=0 0 19 13 0 0 19 0 0 0 1 13 2 1 13 1 0 1 10 1 13 1 13 0
split_gain=3.96244e+06 6.59685e+06 6.85777e+06 2.57504e+06 3.32687e+06 1.52848e+06 2.72814e+06 2.32961e+06 2.12652e+06 1.53233e+06 1.10114e+06 1.0365e+06 1.00308e+06 901391 891248 854125 835780 2.5543e+06 830188 488542 350029 228437 215315 83468.7
threshold=1.1874128332063332 0.76434284600672353 -1.2440409563023744 -1.4414554318425259 1.3687285420061661 -0.97283432592310237 -1.1592317544468285 -1.6963703448481493 -0.8346890239803727 0.55885170936691309 -1.0529780005160576 1.0814681496686531 -0.035173952511720875 -0.9608639775505009 1.0186326782813764 0.17735533071672818 0.89040043402946434 0.069118565054586065 -0.0079973178700072454 -0.60005120163549075 0.84871162603083838 -0.67703224699627407 0.90433181836286358 -1.197320441580038
decision_type=2 2 2 2 2 2 2 2 2 2 2 2 2 2 2 2 2 2 2 2 2 2 2 2
left_child=1 2 -1 -2 -5 6 7 -4 -7 10 11 -10 19 14 -14 -8 -3 -18 -13 -12 -15 -11 -22 -17
right_child=3 16 5 4 -6 8 15 -9 9 21 12 18 13 20 -16 23 17 -19 -20 -21 22 -23 -24 -25
leaf_value=4.7065856289863586 0.18817730105384278 1.5160118029491008 -1.7870264857830389 -1.2243935725563448 -6.1455770337992703 2.7327556856013526 -4.3881229544158025 3.0163940157748685 -2.528806602269003 -2.6565113689785909 -1.8030887628980903 -1.5688772175099592 -1.3071040506565825 2.6907398560670042 1.2545816444804652 -2.2695244061724735 5.9997591696100789 1.7071523363044461 1.2039117083056221 0.12052881110204408 0.43033844303440405 -1.241072766587541 1.8024154771063936 -1.413034061582962
leaf_weight=27 36 33 20 34 23 24 20 20 29 25 24 20 28 22 26 32 24 33 23 29 22 22 24 20
leaf_count=27 36 33 20 34 23 24 20 20 29 25 24 20 28 22 26 32 24 33 23 29 22 22 24 20
internal_value=-1.28968e-05 0.324617 -0.16311 -1.906 -3.2247 -0.47093 -1.47443 0.617717 -0.116789 -0.351108 -0.0355903 -1.07482 0.39271 0.89131 -0.0736032 -2.63524 2.79607 3.52924 -0.087027 -0.754028 1.65555 -2.00205 1.15093 -1.9468
internal_weight=640 547 457 93 57 430 112 40 318 294 247 72 175 122 54 72 90 57 43 53 68 47 46 52
internal_count=640 547 457 93 57 430 112 40 318 294 247 72 175 122 54 72 90 57 43 53 68 47 46 52
is_linear=0
shrinkage=0.01


end of trees

feature_importances:
Column_1=226
Column_0=209
Column_6=82
Column_13=76
Column_2=69
Column_18=38
Column_16=36
Column_3=32
Column_5=17
Column_19=16
Column_9=8
Column_15=2
Column_7=1
Column_10=1

parameters:
[boosting: gbdt]
[objective: regression]
[metric: l2]
[tree_learner: serial]
[device_type: cpu]
[data_sample_strategy: goss]
[data: ]
[valid: ]
[num_iterations: 5000]
[learning_rate: 0.01]
[num_leaves: 127]
[num_threads: -1]
[seed: 42]
[deterministic: 0]
[force_col_wise: 0]
[force_row_wise: 0]
[histogram_pool_size: -1]
[max_depth: 12]
[min_data_in_leaf: 20]
[min_sum_hessian_in_leaf: 0.001]
[bagging_fraction: 1]
[pos_bagging_fraction: 1]
[neg_bagging_fraction: 1]
[bagging_freq: 0]
[bagging_seed: 400]
[bagging_by_query: 0]
[feature_fraction: 0.8]
[feature_fraction_bynode: 1]
[feature_fraction_seed: 30056]
[extra_trees: 0]
[extra_seed: 12879]
[early_stopping_round: 200]
[early_stopping_min_delta: 0]
[first_metric_only: 0]
[max_delta_step: 0]
[lambda_l1: 0.1]
[lambda_l2: 0.2]
[linear_lambda: 0]
[min_gain_to_split: 0]
[drop_rate: 0.1]
[max_drop: 50]
[skip_drop: 0.5]
[xgboost_dart_mode: 0]
[uniform_drop: 0]
[drop_seed: 17869]
[top_rate: 0.2]
[other_rate: 0.1]
[min_data_per_group: 100]
[max_cat_threshold: 32]
[cat_l2: 10]
[cat_smooth: 10]
[max_cat_to_onehot: 4]
[top_k: 20]
[monotone_constraints: ]
[monotone_constraints_method: basic]
[monotone_penalty: 0]
[feature_contri: ]
[forcedsplits_filename: ]
[refit_decay_rate: 0.9]
[cegb_tradeoff: 1]
[cegb_penalty_split: 0]
[cegb_penalty_feature_lazy: ]
[cegb_penalty_feature_coupled: ]
[path_smooth: 0]
[interaction_constraints: ]
[verbosity: -1]
[saved_feature_importance_type: 0]
[use_quantized_grad: 0]
[num_grad_quant_bins: 4]
[quant_train_renew_leaf: 0]
[stochastic_rounding: 1]
[linear_tree: 0]
[max_bin: 255]
[max_bin_by_feature: ]
[min_data_in_bin: 3]
[bin_construct_sample_cnt: 200000]
[data_random_seed: 175]
[is_enable_sparse: 1]
[enable_bundle: 1]
[use_missing: 1]
[zero_as_missing: 0]
[feature_pre_filter: 1]
[pre_partition: 0]
[two_round: 0]
[header: 0]
[label_column: ]
[weight_column: ]
[group_column: ]
[ignore_column: ]
[categorical_feature: ]
[forcedbins_filename: ]
[precise_float_parser: 0]
[parser_config_file: ]
[objective_seed: 16083]
[num_class: 1]
[is_unbalance: 0]
[scale_pos_weight: 1]
[sigmoid: 1]
[boost_from_average: 1]
[reg_sqrt: 0]
[alpha: 0.9]
[fair_c: 1]
[poisson_max_delta_step: 0.7]
[tweedie_variance_power: 1.5]
[lambdarank_truncation_level: 30]
[lambdarank_norm: 1]
[label_gain: ]
[lambdarank_position_bias_regularization: 0]
[eval_at: ]
[multi_error_top_k: 1]
[auc_mu_weights: ]
[num_machines: 1]
[local_listen_port: 12400]
[time_out: 120]
[machine_list_filename: ]
[machines: ]
[gpu_platform_id: -1]
[gpu_device_id: -1]
[gpu_use_dp: 0]
[num_gpu: 1]

end of parameters

pandas_categorical:null
